-2.9571779966 -0.410010589491 -5.71573137855 -2.9571779966 -0.410010589491 -5.71573137855
1.14458716156 -2.68860467431 4.18359899289 1.14458716156 -2.68860467431 4.18359899289
-1.68722805644 1.0862427666 -0.0166532790327 -0.812877420649 1.39946960039 -0.586005106086
-3.51657909677 1.3840243049 0.0353346155543 -3.51657909677 1.3840243049 0.0353346155543
-1.76147371345 -0.446401977452 4.29109162572 -1.76147371345 -0.446401977452 4.29109162572
0.422078515082 -0.18418979557 -0.824939423707 0.320004064985 0.521876293145 -0.842095489945
-0.832756752959 -0.385390776726 1.05953191142 -0.174189317581 0.135058814168 1.49205376136
-0.695746306375 2.19561097435 -2.89022488895 -0.695746306375 2.19561097435 -2.89022488895
2.12962460844 -1.14002505666 -2.07024591094 2.12962460844 -1.14002505666 -2.07024591094
-1.1966435913 -3.40459145168 -5.44665758802 -1.1966435913 -3.40459145168 -5.44665758802
3.99783652377 3.29840182709 -0.216060386313 3.99783652377 3.29840182709 -0.216060386313
3.10815922425 -0.202763932064 1.0000495217 3.10815922425 -0.202763932064 1.0000495217
0.376436270623 0.744579110531 1.25400474208 0.562743471868 0.766690811296 1.29595248976
0.81109145881 2.14587480268 2.06314266185 0.81109145881 2.14587480268 2.06314266185
-1.4148505197 2.79324676347 2.16384333824 -1.4148505197 2.79324676347 2.16384333824
-0.480664156957 0.70075559175 -1.11356952933 -0.377540485965 0.891501223697 -1.0416123398
0.438080814536 2.12068613192 0.461785446396 0.438080814536 2.12068613192 0.461785446396
-3.55998664373 -1.42783366969 2.57998254742 -3.55998664373 -1.42783366969 2.57998254742
-0.174189317581 0.135058814168 1.49205376136 -0.600714590355 0.659270105648 1.42431796677
3.96359566387 -1.68594399797 4.36641972895 3.96359566387 -1.68594399797 4.36641972895
-1.47923522665 -2.64040268527 3.82539803829 -1.47923522665 -2.64040268527 3.82539803829
-1.2445139379 1.8623096304 -0.456692221693 -1.2445139379 1.8623096304 -0.456692221693
1.17835248393 -6.28166031588 -0.54033145951 1.17835248393 -6.28166031588 -0.54033145951
-0.358174122557 0.716862124827 -3.58790397246 -0.358174122557 0.716862124827 -3.58790397246
-0.19306230551 2.84643187484 0.990476727872 -0.19306230551 2.84643187484 0.990476727872
2.97973841927 -1.2683521616 -2.04460154046 2.97973841927 -1.2683521616 -2.04460154046
-1.12668906259 3.57491119088 -1.0158434325 -1.12668906259 3.57491119088 -1.0158434325
-0.987331548347 -1.12245499682 -1.42088920921 -0.987331548347 -1.12245499682 -1.42088920921
-0.43803837201 1.18397154398 -0.708064974397 0.251993661412 0.608902422191 -0.641609280442
-2.9511460475 0.940589462314 0.814848506227 -3.23336430783 0.690019881698 0.749299432186
-2.02721150955 -3.83752855506 -0.215431042012 -2.02721150955 -3.83752855506 -0.215431042012
1.17927639674 1.03669538867 0.874485039532 1.17927639674 1.03669538867 0.874485039532
1.16850019988 -1.21217703651 -2.83771600235 1.16850019988 -1.21217703651 -2.83771600235
2.2593842409 0.535655069439 0.0776075970601 2.2593842409 0.535655069439 0.0776075970601
-0.860011489643 -3.87720527891 1.95525267691 -0.991449631934 -4.19456205092 1.64338686568
-0.704516207627 2.15339380902 -0.944518522476 -0.704516207627 2.15339380902 -0.944518522476
1.11968360711 -4.20944128753 -1.94777368496 1.11968360711 -4.20944128753 -1.94777368496
-2.08206088655 -2.48040051217 0.911465769789 -1.60329678167 -2.6606732203 1.14303789297
-1.13357091399 -1.31889902682 -0.633551274003 -1.13357091399 -1.31889902682 -0.633551274003
-0.151744197122 1.6937047804 1.75542610279 -0.151744197122 1.6937047804 1.75542610279
-2.08648043311 0.558293177822 -0.111090947696 -2.08648043311 0.558293177822 -0.111090947696
-0.00446448581377 -3.00409329273 -2.72730681316 0.238230362178 -2.65403588015 -2.9228234634
0.205492066502 -0.480612966506 0.509713846549 0.263107420233 0.0720521491589 0.120315554961
0.0905298981487 0.674975062727 -0.315270740121 -0.00780018068141 -0.0590782296078 -0.57593208928
-1.91197204188 3.10547029173 -1.71205348857 -1.91197204188 3.10547029173 -1.71205348857
0.599315422168 -1.69478766101 -1.8956744648 0.626084651552 -1.26785109728 -1.27346377689
-1.77105743261 2.02331449069 1.76548483883 -1.45029016433 2.42713353039 1.34871758337
-1.58752165283 2.09585526861 -0.921524210663 -0.978707803231 1.85727260243 -0.703679697035
2.6876860148 1.00939232598 0.971553180683 2.6876860148 1.00939232598 0.971553180683
-0.840667342013 2.23745013265 -5.4170221085 -0.840667342013 2.23745013265 -5.4170221085
2.55623857932 -0.535992915854 1.0853342681 2.55623857932 -0.535992915854 1.0853342681
-0.173134563921 0.111856942734 -0.241200830394 -0.173134563921 0.111856942734 -0.241200830394
0.670836092643 -3.44773535639 -2.11523454777 0.670836092643 -3.44773535639 -2.11523454777
-1.72971180402 3.04150081275 -0.116033729878 -1.72971180402 3.04150081275 -0.116033729878
3.77503162683 -0.988909977349 -1.87090647314 3.77503162683 -0.988909977349 -1.87090647314
2.07751273199 -1.45682714385 -0.946569765134 2.07751273199 -1.45682714385 -0.946569765134
2.24417041559 1.25811910368 -0.574938432955 2.0769933011 1.63737948472 -0.363001229178
0.48069865271 -1.48323241807 3.63788250968 0.48069865271 -1.48323241807 3.63788250968
1.53348272374 -2.40635992796 -1.28298278979 1.53348272374 -2.40635992796 -1.28298278979
0.433362224611 -1.23759989188 0.151513992276 -0.322315344872 -0.841109719041 -0.0414026893601
-2.5654588867 -3.05513603882 0.738978328954 -2.5654588867 -3.05513603882 0.738978328954
0.363144588847 0.546924088573 0.541479454035 0.670602518128 0.862338991303 0.47021313969
-3.8400822337 1.60704261455 1.04135399215 -3.8400822337 1.60704261455 1.04135399215
3.5206130288 2.10809773744 -3.27897500579 3.5206130288 2.10809773744 -3.27897500579
-3.9988327232 -0.867443752025 3.29531045894 -3.9988327232 -0.867443752025 3.29531045894
-2.12162694011 1.44884933121 0.161836481948 -1.74737491845 0.956829847614 0.47719279367
0.278703805847 1.81119135179 -2.69611735843 0.278703805847 1.81119135179 -2.69611735843
-0.0987186416932 7.68184369828 0.632539242239 -0.0987186416932 7.68184369828 0.632539242239
2.39006634449 -1.47266389771 -2.55918574961 2.39006634449 -1.47266389771 -2.55918574961
-2.43515601323 -1.87664009691 1.11970580929 -2.43515601323 -1.87664009691 1.11970580929
0.835393553653 -2.18580675842 -2.53024756333 0.835393553653 -2.18580675842 -2.53024756333
1.16034128424 2.32374695362 1.20051021681 1.16034128424 2.32374695362 1.20051021681
-0.22443923269 0.299249393973 -0.391620474547 0.343501542159 0.166559877719 -0.628350091932
-1.14567952644 -0.0949277840763 -0.252923415957 -1.14409094638 -0.219595665784 0.630786497458
1.34153155452 -0.0314747984028 -2.59595832642 1.63876384616 -0.170495269274 -2.88510265523
1.15263757823 0.423386203809 0.318929658295 1.01995054916 0.542311262736 0.0395595680015
4.50546672357 3.7100128341 0.858461125638 4.50546672357 3.7100128341 0.858461125638
0.407681402912 -1.86271677784 -1.6292933239 0.711176235456 -2.12177208695 -1.85434463453
0.518439440796 -0.253668787687 0.142021302573 0.0832422544693 -0.275284744823 -0.139939570278
2.95246600378 -2.16728989662 -0.207737639878 2.95246600378 -2.16728989662 -0.207737639878
1.83449812413 5.79252951939 -2.52158744039 1.83449812413 5.79252951939 -2.52158744039
2.59623201623 -0.457855630054 1.23261980426 2.59623201623 -0.457855630054 1.23261980426
2.0769933011 1.63737948472 -0.363001229178 2.24417041559 1.25811910368 -0.574938432955
-0.458141082843 1.64347722017 -2.39549489488 -0.458141082843 1.64347722017 -2.39549489488
-3.81978667383 -0.664763924454 0.365851059887 -3.81978667383 -0.664763924454 0.365851059887
1.80526036257 -0.068039942658 -4.38912560671 1.80526036257 -0.068039942658 -4.38912560671
0.754895525576 0.472118771625 -0.0185512485969 0.630742101554 0.700675088646 0.0457609394196
0.777096486478 -4.10725921017 -1.92076038088 0.777096486478 -4.10725921017 -1.92076038088
2.94949850881 -0.220401180396 0.883385363364 2.94949850881 -0.220401180396 0.883385363364
0.154461150074 1.11058143433 -0.469746290772 0.271205575407 0.876094705852 0.0773620159483
1.19016603821 -0.623889838998 0.77164785575 1.19016603821 -0.623889838998 0.77164785575
0.236214857747 0.70366349317 1.4113435256 0.363144588847 0.546924088573 0.541479454035
4.8123806318 0.616588062573 0.668479728047 4.8123806318 0.616588062573 0.668479728047
-1.70485832291 2.06158894245 0.837786620329 -1.70485832291 2.06158894245 0.837786620329
0.275788727572 -1.54922230865 -0.352024899428 0.0929613925988 -1.5002251304 -0.675204595583
-1.21850685027 -1.73355178155 -2.25927847851 -1.21850685027 -1.73355178155 -2.25927847851
-0.0913446248208 1.68664923502 4.89282083814 -0.0913446248208 1.68664923502 4.89282083814
3.35292379408 -4.16926813991 3.07129533292 3.35292379408 -4.16926813991 3.07129533292
-0.934570105389 0.535886441097 1.44790144785 -1.63792319851 0.37980717648 1.24387927896
-0.373009141984 -1.92449337493 1.27893794048 -0.722448614346 -1.40126207033 0.730560777795
-0.600714590355 0.659270105648 1.42431796677 -0.309261942075 0.321913536242 1.78098085016
1.04301983126 2.38140952245 1.90413005607 1.04301983126 2.38140952245 1.90413005607
0.0714806375193 1.43132324925 -0.190638661439 0.454902400476 0.843757318216 -0.639396878199
-0.309261942075 0.321913536242 1.78098085016 -0.934570105389 0.535886441097 1.44790144785
-0.850481269899 2.00383443276 1.22863792485 -0.850481269899 2.00383443276 1.22863792485
-2.61884103093 1.11614281344 -0.149287511111 -2.61884103093 1.11614281344 -0.149287511111
0.929394722729 0.707466815148 -2.51077157262 0.929394722729 0.707466815148 -2.51077157262
2.30312370944 -0.421534185817 0.62224760176 2.40219299307 -0.419112351182 0.6543832812
0.80993905485 -1.75306031489 0.171352479013 0.80993905485 -1.75306031489 0.171352479013
-0.163511158677 0.565937031015 -0.18352848239 -0.242762718653 0.911922424653 0.791412921222
5.89489590065 -0.0707155529794 1.36366959176 5.89489590065 -0.0707155529794 1.36366959176
1.96884288465 0.573274968304 2.88458503435 1.96884288465 0.573274968304 2.88458503435
0.617504584972 -0.382911711517 0.649299914567 0.390603975164 -0.663012127997 0.527929389007
1.1541281124 0.853336184931 -4.68737172152 1.1541281124 0.853336184931 -4.68737172152
-1.2849304945 2.11338152967 -0.684672697098 -1.58752165283 2.09585526861 -0.921524210663
3.89979943017 2.12156694632 -0.851084879248 3.89979943017 2.12156694632 -0.851084879248
-3.60249722599 1.61636791387 5.80381730031 -3.60249722599 1.61636791387 5.80381730031
-2.89869919608 -3.1168045262 1.11679588679 -2.89869919608 -3.1168045262 1.11679588679
-1.45029016433 2.42713353039 1.34871758337 -1.77105743261 2.02331449069 1.76548483883
-2.06555060471 4.57595741644 0.602049398068 -2.06555060471 4.57595741644 0.602049398068
0.503892531168 0.678387853539 -0.0952288136154 0.183114079248 0.284442995534 -0.767498488737
-0.296315415907 0.782933561813 2.62513762049 -0.218759826843 0.540021239291 2.21613952185
-1.30798864279 -3.90451858595 -2.08049078706 -1.30798864279 -3.90451858595 -2.08049078706
-2.882021711 0.190243393136 -0.307328974452 -2.882021711 0.190243393136 -0.307328974452
1.62791197207 -2.69095791388 2.53384957896 1.62791197207 -2.69095791388 2.53384957896
0.451984046624 -0.0198448220673 -0.0590994530707 0.560232286524 0.604187515072 0.179006108533
0.562743471868 0.766690811296 1.29595248976 0.746043833002 0.955672334711 0.871985788747
-0.999271607626 0.648028623897 -0.889284744693 -0.999271607626 0.648028623897 -0.889284744693
2.70145182622 -1.31051113284 1.64750085858 2.70145182622 -1.31051113284 1.64750085858
1.19248613981 1.5396987635 -1.89152197978 0.917298916489 0.962260900369 -1.81677183053
1.34722008588 -0.520231541799 0.489997468861 1.47350434636 -0.348891548364 0.198607348295
0.0746711452224 -0.829013140349 -3.36691999091 0.0746711452224 -0.829013140349 -3.36691999091
-2.30901451209 1.5683234295 1.83444590873 -2.30901451209 1.5683234295 1.83444590873
0.251993661412 0.608902422191 -0.641609280442 0.154461150074 1.11058143433 -0.469746290772
-3.37999006925 1.47711006219 0.761556255333 -3.37999006925 1.47711006219 0.761556255333
-0.484408940682 0.643014636624 0.518987503935 -0.484408940682 0.643014636624 0.518987503935
0.941156761907 1.37329205144 -3.22738741208 0.941156761907 1.37329205144 -3.22738741208
0.108974795985 -2.74860781645 -4.13052596098 0.108974795985 -2.74860781645 -4.13052596098
1.52215689846 1.4505875872 -1.88182668398 1.52215689846 1.4505875872 -1.88182668398
3.6925280622 4.7573597168 1.75323652768 3.6925280622 4.7573597168 1.75323652768
1.01995054916 0.542311262736 0.0395595680015 0.978526830971 0.627433785833 0.385593537254
1.29282422509 2.13933801933 -2.14136531946 1.1542855202 1.83269205973 -2.38657682086
-2.33138850158 -0.39913683716 -2.91119579243 -2.33138850158 -0.39913683716 -2.91119579243
-1.34709324082 -5.23554406674 -5.48289153486 -1.34709324082 -5.23554406674 -5.48289153486
3.735501121 -2.20264135479 -0.705466316414 3.735501121 -2.20264135479 -0.705466316414
1.50569391888 -1.16792188933 2.03436075029 1.88684494459 -1.44949320739 2.54026262102
5.53934629268 3.18543083205 -0.00455485731964 5.53934629268 3.18543083205 -0.00455485731964
-1.98211447687 -0.977434233642 0.319326383619 -1.98211447687 -0.977434233642 0.319326383619
-6.64594425029 3.54337716019 1.12552056977 -6.64594425029 3.54337716019 1.12552056977
2.27820657801 7.17104621626 -0.00117158901797 2.27820657801 7.17104621626 -0.00117158901797
1.42554894456 -2.94974620347 -1.53873913991 1.42554894456 -2.94974620347 -1.53873913991
0.183114079248 0.284442995534 -0.767498488737 0.422078515082 -0.18418979557 -0.824939423707
-0.183156280713 1.78403291627 -2.64867918544 -0.183156280713 1.78403291627 -2.64867918544
4.19615423588 -0.610514168083 -1.36077423797 4.19615423588 -0.610514168083 -1.36077423797
-1.46649995828 1.7546609054 -0.226316512201 -1.46649995828 1.7546609054 -0.226316512201
1.3232529289 0.946758692546 -0.843713425691 1.49439244221 1.6179558729 -1.0647634946
2.08109076583 1.3765524062 2.14741807736 2.08109076583 1.3765524062 2.14741807736
-0.637683209419 -0.352195279747 -0.891257190331 -0.637683209419 -0.352195279747 -0.891257190331
-0.882984423919 -0.296771573946 0.731856232741 -0.882984423919 -0.296771573946 0.731856232741
-0.322315344872 -0.841109719041 -0.0414026893601 0.0505626134529 -1.00312508403 0.280160378826
4.26510583439 -1.45013833758 3.97585555118 4.26510583439 -1.45013833758 3.97585555118
1.15770669739 -4.29993071024 0.940675394109 1.15770669739 -4.29993071024 0.940675394109
1.13954857214 1.00098405033 0.22678118796 1.15263757823 0.423386203809 0.318929658295
-2.37407365273 -0.260653220856 0.876166268332 -2.37407365273 -0.260653220856 0.876166268332
0.357936452758 0.0171382391185 0.424348850983 0.205492066502 -0.480612966506 0.509713846549
-3.59747740268 -0.782583178114 0.666814233016 -3.89922567091 -0.542033906134 0.433249168621
-0.256317873574 2.01945365271 -1.32641890395 -0.256317873574 2.01945365271 -1.32641890395
-0.149501921464 -2.26347858937 0.715797723163 -0.149501921464 -2.26347858937 0.715797723163
0.96409511043 2.31298024739 3.46340939737 0.96409511043 2.31298024739 3.46340939737
-0.261691422623 -1.84866522667 1.22509815092 -0.261691422623 -1.84866522667 1.22509815092
-2.09760466343 4.69052698828 -4.1973422348 -2.09760466343 4.69052698828 -4.1973422348
0.454902400476 0.843757318216 -0.639396878199 0.0905298981487 0.674975062727 -0.315270740121
-2.19931927542 1.45169152209 4.23260758856 -2.19931927542 1.45169152209 4.23260758856
1.94144259611 1.98470146173 2.78776077987 1.94144259611 1.98470146173 2.78776077987
2.20377937962 1.79970202796 1.76805758722 2.20377937962 1.79970202796 1.76805758722
1.69982824089 -0.0637943485036 5.63024978354 1.69982824089 -0.0637943485036 5.63024978354
-2.30995365611 -0.210478261014 -4.73485849334 -2.30995365611 -0.210478261014 -4.73485849334
0.914667579799 3.11399717177 -1.39336611326 0.914667579799 3.11399717177 -1.39336611326
-0.991449631934 -4.19456205092 1.64338686568 -0.860011489643 -3.87720527891 1.95525267691
5.7789824575 -0.758259961869 0.893316968623 5.7789824575 -0.758259961869 0.893316968623
0.322186589597 2.99418521071 -1.76966633333 0.322186589597 2.99418521071 -1.76966633333
1.56596600106 2.77082037936 -0.843646025591 1.56596600106 2.77082037936 -0.843646025591
-2.31243148058 -1.03933403421 2.81145510462 -2.31243148058 -1.03933403421 2.81145510462
0.730274556017 -2.67589557491 1.6239904682 0.730274556017 -2.67589557491 1.6239904682
0.748354389236 0.741741728136 5.05094139302 0.748354389236 0.741741728136 5.05094139302
-1.40057816191 2.24769122918 -0.243650747459 -1.40057816191 2.24769122918 -0.243650747459
1.02677335974 0.954774853057 -0.361530313731 0.608487567571 -0.411301642389 0.247907034831
-4.20293633019 -5.23114393605 1.90514811905 -4.20293633019 -5.23114393605 1.90514811905
0.917298916489 0.962260900369 -1.81677183053 1.19248613981 1.5396987635 -1.89152197978
-0.281387358446 1.8940732167 -0.4009946542 0.319975296518 1.68476041892 -0.35268168935
-1.14409094638 -0.219595665784 0.630786497458 -1.14567952644 -0.0949277840763 -0.252923415957
-3.78824216514 -2.31415922003 4.12142372543 -3.78824216514 -2.31415922003 4.12142372543
-0.583625551414 1.56226267175 2.88727547123 -0.583625551414 1.56226267175 2.88727547123
-0.149961245521 -1.30354949864 0.494362561328 -0.149961245521 -1.30354949864 0.494362561328
-2.28538015694 1.87323710051 -4.70845807338 -2.28538015694 1.87323710051 -4.70845807338
7.77660439743 1.1862051191 -1.49096268535 7.77660439743 1.1862051191 -1.49096268535
1.49628496317 -2.48985840739 -0.724673744743 1.49628496317 -2.48985840739 -0.724673744743
3.7607760154 -0.512837385937 1.25261772142 3.7607760154 -0.512837385937 1.25261772142
-0.884993806465 0.0421985747287 1.87268597857 -0.884993806465 0.0421985747287 1.87268597857
3.07968875271 -1.87460883873 -1.15144280713 3.07968875271 -1.87460883873 -1.15144280713
-0.351259911003 0.49569099241 -0.362028777699 -0.536476329855 0.758193643509 -0.305201331412
3.13401084785 3.86809587587 -4.96327333946 3.13401084785 3.86809587587 -4.96327333946
-0.978707803231 1.85727260243 -0.703679697035 -1.2849304945 2.11338152967 -0.684672697098
1.59827611566 -1.39887896141 2.40447834794 1.59827611566 -1.39887896141 2.40447834794
-4.00749869871 -0.716035143958 -1.051350135 -4.00749869871 -0.716035143958 -1.051350135
-2.38959975853 -7.24791990514 -2.05115685631 -2.38959975853 -7.24791990514 -2.05115685631
0.343501542159 0.166559877719 -0.628350091932 -0.480664156957 0.70075559175 -1.11356952933
-0.353061506527 -2.10861210487 -1.62766897572 -0.353061506527 -2.10861210487 -1.62766897572
0.741012463713 -0.535733709973 -0.0955476174916 0.0984255211573 -0.4050529103 0.627852134343
4.81602194486 0.0118245015738 1.63575557392 4.81602194486 0.0118245015738 1.63575557392
-0.722448614346 -1.40126207033 0.730560777795 -0.373009141984 -1.92449337493 1.27893794048
-0.574148478538 0.810262131582 -0.8090419197 -0.574148478538 0.810262131582 -0.8090419197
-0.199547897889 1.48600314017 -0.623366687073 -0.281387358446 1.8940732167 -0.4009946542
-1.63792319851 0.37980717648 1.24387927896 -1.02951010271 0.380473805372 1.14276665653
-0.501695319218 -3.16970293336 0.0692535304622 -0.501695319218 -3.16970293336 0.0692535304622
-3.95041935999 0.512550601548 0.357086300347 -3.95041935999 0.512550601548 0.357086300347
2.40219299307 -0.419112351182 0.6543832812 2.30312370944 -0.421534185817 0.62224760176
-0.779683698539 -3.22314417843 2.12606521607 -0.779683698539 -3.22314417843 2.12606521607
0.239449434486 -0.637980816794 -0.681593970957 0.515178326559 -0.691764286981 0.357840475644
1.18207966136 -1.0834458358 -0.52231371349 1.18207966136 -1.0834458358 -0.52231371349
-1.29113175991 -0.0125568773806 0.846026451162 -0.939963183872 -0.309740375509 0.951948492133
-5.54739798966 -0.929157297724 2.85417288735 -5.54739798966 -0.929157297724 2.85417288735
4.05801839642 0.237058174354 0.12787193872 4.05801839642 0.237058174354 0.12787193872
-0.58772864748 -0.395896549192 2.51698819273 -0.58772864748 -0.395896549192 2.51698819273
0.823828337877 -1.12708337445 0.321003904433 0.433362224611 -1.23759989188 0.151513992276
3.21148095523 1.68919381733 -2.83419975709 3.21148095523 1.68919381733 -2.83419975709
2.67711638652 -0.13828850761 0.677556119109 2.67711638652 -0.13828850761 0.677556119109
-1.43459224221 -3.91787937124 -1.19167364233 -1.43459224221 -3.91787937124 -1.19167364233
-0.245428981311 -0.719133396589 -0.427550011636 0.239449434486 -0.637980816794 -0.681593970957
-0.958351262696 1.04161317501 6.89302371365 -0.958351262696 1.04161317501 6.89302371365
0.702392548927 -0.455933340599 0.129718616266 1.51292906755 -0.81501421805 -0.0462860303557
0.904877084685 1.90632802936 -0.369109792351 0.779772527745 1.54100245523 -0.599652300986
-2.83061484321 2.64358289851 2.88949656073 -2.83061484321 2.64358289851 2.88949656073
1.30532346423 -0.339009575295 -2.46319440265 1.30532346423 -0.339009575295 -2.46319440265
0.300179743869 2.09244336579 -1.59181288439 0.0765757494926 2.52060227357 -1.43381604102
3.06928718507 0.799907786152 0.449921491209 3.06928718507 0.799907786152 0.449921491209
0.382614234008 -1.25543985242 0.547742379224 0.823828337877 -1.12708337445 0.321003904433
-3.23336430783 0.690019881698 0.749299432186 -2.87382886436 0.58282165608 1.0576343419
-0.602546396014 0.810575387153 -3.56751112642 -0.602546396014 0.810575387153 -3.56751112642
2.30133825025 -3.94322691685 -3.46033267731 2.30133825025 -3.94322691685 -3.46033267731
0.0874468908497 -0.573593278556 1.88766053977 -0.0835354171627 -0.749457084594 1.78555924445
2.24672902935 -0.0477644128122 4.09502775744 2.24672902935 -0.0477644128122 4.09502775744
0.796383466358 0.1929425313 1.40748469811 0.796383466358 0.1929425313 1.40748469811
1.76679668243 2.67544393077 1.31210310864 1.76679668243 2.67544393077 1.31210310864
2.61652309402 1.25982813835 -0.346367937556 2.61652309402 1.25982813835 -0.346367937556
-2.39901695961 2.99348821985 2.82504370821 -2.39901695961 2.99348821985 2.82504370821
1.95517390897 0.90612955075 -0.170214773729 1.95517390897 0.90612955075 -0.170214773729
-4.73751766529 -2.5253265478 4.37291736434 -4.73751766529 -2.5253265478 4.37291736434
-0.88551228623 1.18135804068 -0.172232876165 -1.01182995356 1.58551206841 0.191752195185
-1.83062160878 -0.151041139858 -0.45331468691 -2.42178684565 -0.133938430782 -0.407529149708
-1.39445033023 1.1234128026 -0.377414225505 -1.68722805644 1.0862427666 -0.0166532790327
-2.66624916127 -1.44296478276 4.42465364641 -2.66624916127 -1.44296478276 4.42465364641
7.73075516996 4.79247529035 0.0310809064531 7.73075516996 4.79247529035 0.0310809064531
0.798004985236 -2.5748679752 -0.0890845267288 0.798004985236 -2.5748679752 -0.0890845267288
1.40005859698 0.957253513352 -1.24903858366 1.40005859698 0.957253513352 -1.24903858366
-2.42178684565 -0.133938430782 -0.407529149708 -1.83062160878 -0.151041139858 -0.45331468691
1.1542855202 1.83269205973 -2.38657682086 1.29282422509 2.13933801933 -2.14136531946
1.72035321421 2.6699962878 -4.28593943322 1.72035321421 2.6699962878 -4.28593943322
-0.536476329855 0.758193643509 -0.305201331412 -0.163511158677 0.565937031015 -0.18352848239
0.0394446590102 -1.86004524187 -1.17875136948 0.0394446590102 -1.86004524187 -1.17875136948
1.88295694918 3.15696646613 -0.977986929042 2.03125137025 2.65948348729 -1.12265192785
0.782434902536 1.46280375885 -2.27759793003 0.782434902536 1.46280375885 -2.27759793003
-0.403688604328 0.130457527058 0.787398119569 -0.355473795887 -0.1180271158 0.558396957147
-4.04759158294 -5.12629622138 0.37948902429 -4.04759158294 -5.12629622138 0.37948902429
0.271205575407 0.876094705852 0.0773620159483 0.236214857747 0.70366349317 1.4113435256
-0.199396449237 0.990871393346 0.287338188604 -0.199396449237 0.990871393346 0.287338188604
0.384743252083 -1.82226043411 -7.29152423407 0.384743252083 -1.82226043411 -7.29152423407
1.34250691394 1.82175266661 -0.44351764633 1.34250691394 1.82175266661 -0.44351764633
-1.02951010271 0.380473805372 1.14276665653 -1.29113175991 -0.0125568773806 0.846026451162
1.52221292677 -0.389203289442 -0.934491503872 1.52221292677 -0.389203289442 -0.934491503872
-1.37099638891 2.75946272896 -4.62586957123 -1.37099638891 2.75946272896 -4.62586957123
2.61386594461 1.90969438815 0.487190792356 2.61386594461 1.90969438815 0.487190792356
3.42303277155 1.44524931545 0.82197853169 3.42303277155 1.44524931545 0.82197853169
1.27473932645 1.76535422963 -1.71112752725 0.846240988164 1.94080392498 -1.89053084428
2.74045519966 4.02920014722 5.33448171702 2.74045519966 4.02920014722 5.33448171702
-0.739117643253 4.58499820666 7.07726155373 -0.739117643253 4.58499820666 7.07726155373
-4.19715860591 4.6831874273 3.31834257645 -4.19715860591 4.6831874273 3.31834257645
-4.05271395414 1.11934158909 0.734530253658 -4.05271395414 1.11934158909 0.734530253658
1.694923452 0.68107501841 -0.128388165434 1.694923452 0.68107501841 -0.128388165434
-1.93359827776 -1.65026240016 -1.56961885439 -1.93359827776 -1.65026240016 -1.56961885439
0.779772527745 1.54100245523 -0.599652300986 0.904877084685 1.90632802936 -0.369109792351
1.29842974457 0.737851992364 0.877960809292 1.29842974457 0.737851992364 0.877960809292
2.41922184907 2.98581055968 -1.06258947122 2.28004606313 2.95574683804 -1.04208585869
1.77653267682 -1.57696206136 0.216234761189 1.77653267682 -1.57696206136 0.216234761189
-0.394441961586 1.02164660814 -0.188356225725 -0.351259911003 0.49569099241 -0.362028777699
3.97370579164 -1.9652081233 0.736945753877 3.97370579164 -1.9652081233 0.736945753877
2.32966182864 -3.70284737285 0.0727259777565 2.32966182864 -3.70284737285 0.0727259777565
-1.17413389999 1.73457147635 -2.86831794937 -1.17413389999 1.73457147635 -2.86831794937
-0.0630241551844 2.31818304538 -1.31063740635 -0.0630241551844 2.31818304538 -1.31063740635
-0.738816222072 1.57188945085 -0.430196619681 -0.199547897889 1.48600314017 -0.623366687073
-2.87382886436 0.58282165608 1.0576343419 -2.9511460475 0.940589462314 0.814848506227
0.560232286524 0.604187515072 0.179006108533 0.936015260426 0.545696974013 0.40547956778
-1.35252531697 1.64658217542 1.72678571535 -1.35252531697 1.64658217542 1.72678571535
-0.201117023235 0.646064497236 0.140164820785 -0.394441961586 1.02164660814 -0.188356225725
1.13506372798 3.61442577716 -1.71482631358 1.13506372798 3.61442577716 -1.71482631358
-0.980243735473 -1.38871213368 2.83366916964 -0.980243735473 -1.38871213368 2.83366916964
1.15503431881 4.98337483143 0.178454976504 1.15503431881 4.98337483143 0.178454976504
0.623263939478 -3.84821543419 2.56483873047 0.623263939478 -3.84821543419 2.56483873047
-0.877339851252 1.41024795283 -2.91134384808 -0.877339851252 1.41024795283 -2.91134384808
1.09291655622 1.14169602125 -1.13797705492 1.2461406232 0.657032370279 -1.35049838227
-2.20265425247 1.48568814742 1.56708884022 -2.20265425247 1.48568814742 1.56708884022
-0.329591945797 -3.80138222957 -0.0988668346916 -0.329591945797 -3.80138222957 -0.0988668346916
-0.324827476277 1.02092995424 -0.900894207218 -0.316295542219 1.24960038417 -0.638828346926
4.18090650847 -0.929033711076 -4.08088920593 4.18090650847 -0.929033711076 -4.08088920593
0.746043833002 0.955672334711 0.871985788747 1.13954857214 1.00098405033 0.22678118796
0.0064523347544 0.405720600811 -2.19913508638 0.0064523347544 0.405720600811 -2.19913508638
-1.06042850207 -1.10457668985 -2.41820285584 -1.06042850207 -1.10457668985 -2.41820285584
1.47120243501 -0.511391684399 0.585307568017 1.34722008588 -0.520231541799 0.489997468861
-2.60745446462 1.42723017039 0.221299234471 -2.60745446462 1.42723017039 0.221299234471
-2.37650427589 -0.138934190014 -1.35706276271 -2.37650427589 -0.138934190014 -1.35706276271
2.6060766775 0.774479160298 -3.70061047764 2.6060766775 0.774479160298 -3.70061047764
1.23425398087 2.34905029165 3.44478706662 1.23425398087 2.34905029165 3.44478706662
3.57880468535 -1.093039586 1.30572605515 3.57880468535 -1.093039586 1.30572605515
-0.350613092047 0.697377285861 -0.00594158790882 -0.88551228623 1.18135804068 -0.172232876165
-0.69237723201 3.04410230614 -0.450716983681 -0.69237723201 3.04410230614 -0.450716983681
3.32392169271 -0.93799772047 0.145509201793 3.32392169271 -0.93799772047 0.145509201793
1.2087870752 1.95200640974 0.368904411857 1.2087870752 1.95200640974 0.368904411857
0.601973945529 -3.98669262455 4.54077896427 0.601973945529 -3.98669262455 4.54077896427
-0.911670279136 -4.29124237175 0.112629334232 -0.911670279136 -4.29124237175 0.112629334232
1.59873611876 -0.368408921107 -4.54347948639 1.59873611876 -0.368408921107 -4.54347948639
-1.26592070469 -1.94228567586 3.48650277776 -1.26592070469 -1.94228567586 3.48650277776
0.854358682913 0.0472166322887 0.399894775204 -0.186249981341 0.334476739904 -0.162804486387
2.80850692578 2.33940136247 2.36405438409 2.80850692578 2.33940136247 2.36405438409
-0.776123985786 0.770430374179 -0.737864443912 -0.43803837201 1.18397154398 -0.708064974397
0.390603975164 -0.663012127997 0.527929389007 0.741012463713 -0.535733709973 -0.0955476174916
1.6628302886 -0.483786534142 -2.42996961665 1.6628302886 -0.483786534142 -2.42996961665
2.03125137025 2.65948348729 -1.12265192785 1.88295694918 3.15696646613 -0.977986929042
0.670602518128 0.862338991303 0.47021313969 0.310244619894 0.169015576032 0.226646779098
-3.9610753956 -3.59646076506 -1.58418789917 -3.9610753956 -3.59646076506 -1.58418789917
2.80095751051 2.30110947617 -0.29571859225 2.80095751051 2.30110947617 -0.29571859225
3.80883406358 -0.521508633338 -2.52972352743 3.80883406358 -0.521508633338 -2.52972352743
1.15622618769 1.01085716366 1.86788242696 1.15622618769 1.01085716366 1.86788242696
-5.66923698408 -1.78562928578 -1.7883419537 -5.66923698408 -1.78562928578 -1.7883419537
2.96644369516 0.0987396183366 0.793392357018 2.97042520479 0.146877620497 0.634699275213
3.16106398154 0.268441440136 -0.904930786438 3.16106398154 0.268441440136 -0.904930786438
-0.238316015395 2.01954181037 1.08633584034 -0.238316015395 2.01954181037 1.08633584034
-1.99461549282 2.24074910593 -3.78800884149 -1.99461549282 2.24074910593 -3.78800884149
2.48837529869 -3.54880702967 0.427576453598 2.49595372065 -3.71720847238 0.348838183874
2.97042520479 0.146877620497 0.634699275213 2.96644369516 0.0987396183366 0.793392357018
-0.0716704834577 -0.942588079963 0.423625020921 -0.245428981311 -0.719133396589 -0.427550011636
-0.748554640831 -2.13396896972 -0.778701309936 -0.748554640831 -2.13396896972 -0.778701309936
-0.656888371626 4.38089556647 3.24376833339 -0.656888371626 4.38089556647 3.24376833339
-0.438971394818 1.20185818278 1.93081795633 -0.438971394818 1.20185818278 1.93081795633
-3.41757994057 -1.6319596409 1.44260773343 -3.41757994057 -1.6319596409 1.44260773343
0.310244619894 0.169015576032 0.226646779098 0.455252477954 -0.453228589443 0.107488787619
-0.157900146057 0.131191235639 0.0290154670366 -0.201117023235 0.646064497236 0.140164820785
1.3985796569 -1.4058677347 1.43612149822 1.3985796569 -1.4058677347 1.43612149822
0.229990790812 0.331162379475 0.0470612792916 0.754895525576 0.472118771625 -0.0185512485969
-2.94409820582 1.97757508108 0.703565059675 -2.94409820582 1.97757508108 0.703565059675
1.10516364073 -1.05460575757 0.308039968632 1.10516364073 -1.05460575757 0.308039968632
0.861446303567 2.02639489086 -1.97402943995 0.919255735838 2.35816843175 -1.69526383788
0.969290126376 0.0785524955623 0.268074187727 0.969290126376 0.0785524955623 0.268074187727
1.82662672475 -1.55861273219 0.592305917827 2.05992221794 -0.465967348999 0.61369385136
0.527080258058 -0.308709393241 -3.95214370689 0.527080258058 -0.308709393241 -3.95214370689
4.99549740456 0.0343562013898 1.51826869294 4.99549740456 0.0343562013898 1.51826869294
-1.60329678167 -2.6606732203 1.14303789297 -2.08206088655 -2.48040051217 0.911465769789
0.752741178262 2.32284495602 -2.68411335578 0.752741178262 2.32284495602 -2.68411335578
0.0765757494926 2.52060227357 -1.43381604102 0.300179743869 2.09244336579 -1.59181288439
3.24511394513 1.96328420736 -2.65125507759 3.24511394513 1.96328420736 -2.65125507759
0.794945466231 0.987482802284 -0.0302950375848 0.794945466231 0.987482802284 -0.0302950375848
2.23984046423 -1.75518559692 -1.78061769112 2.08350657419 -2.11708268456 -1.36809441273
-0.780754020107 1.39066412046 -0.440481184831 -0.780754020107 1.39066412046 -0.440481184831
0.353448259979 2.50852215931 -1.63222149709 0.0876518994643 2.84123998162 -1.92679400008
-5.04610616156 1.86161009187 -0.806975152773 -5.04610616156 1.86161009187 -0.806975152773
-1.01182995356 1.58551206841 0.191752195185 -1.39445033023 1.1234128026 -0.377414225505
-3.03663598404 -3.74928253451 -2.50945938197 -3.03663598404 -3.74928253451 -2.50945938197
2.42501174877 -0.446463616951 2.52539314148 2.42501174877 -0.446463616951 2.52539314148
0.0635508717256 0.733288035974 0.682870810687 0.376436270623 0.744579110531 1.25400474208
0.0984255211573 -0.4050529103 0.627852134343 0.41332157481 0.00425534496919 0.724550154664
1.00386250882 -1.43929362375 4.98106962898 1.00386250882 -1.43929362375 4.98106962898
2.85425950149 1.36194370454 4.07270599599 2.85425950149 1.36194370454 4.07270599599
-0.0910903997243 0.941848370876 -0.712856206178 -0.310943748924 1.31297641594 -0.495611799695
-3.48622636148 -3.19130080137 1.05481729809 -3.48622636148 -3.19130080137 1.05481729809
-0.29691238433 1.05093330096 -2.86291642303 -0.29691238433 1.05093330096 -2.86291642303
0.515031471413 -1.14641449559 -0.928212627073 0.515031471413 -1.14641449559 -0.928212627073
1.13097521079 2.20752043451 1.69927907783 1.13097521079 2.20752043451 1.69927907783
1.71305011739 -1.59527897497 4.13507939629 1.71305011739 -1.59527897497 4.13507939629
-0.242762718653 0.911922424653 0.791412921222 -0.348714923936 0.987480446592 0.592584111583
2.58527776787 3.93716261049 1.51622319856 2.58527776787 3.93716261049 1.51622319856
2.05049590581 0.374861180724 -2.60129611907 2.05049590581 0.374861180724 -2.60129611907
-0.939963183872 -0.309740375509 0.951948492133 -0.832756752959 -0.385390776726 1.05953191142
4.91183315192 -1.6951139876 -3.17861546809 4.91183315192 -1.6951139876 -3.17861546809
2.28004606313 2.95574683804 -1.04208585869 2.41922184907 2.98581055968 -1.06258947122
1.84102607593 -3.97051408516 -3.43652968781 1.84102607593 -3.97051408516 -3.43652968781
-0.322704872326 1.25350384516 -0.278657152905 -0.776123985786 0.770430374179 -0.737864443912
1.73474251808 -7.42872982995 1.99027952613 1.73474251808 -7.42872982995 1.99027952613
0.916575453241 -0.102065907862 0.420072947153 0.916575453241 -0.102065907862 0.420072947153
4.50317389037 -1.42140896054 2.59704883398 4.50317389037 -1.42140896054 2.59704883398
1.02435895399 -1.01763716139 -1.56454144605 1.02435895399 -1.01763716139 -1.56454144605
-0.218759826843 0.540021239291 2.21613952185 -0.296315415907 0.782933561813 2.62513762049
2.32997252013 0.070897103378 -0.53536315419 2.32997252013 0.070897103378 -0.53536315419
-0.316008189648 -2.23686854795 0.693159985956 -0.077812125653 -1.9598453654 0.619623071372
-0.812877420649 1.39946960039 -0.586005106086 -0.738816222072 1.57188945085 -0.430196619681
6.8953943291 1.19335246338 -0.598575474049 6.8953943291 1.19335246338 -0.598575474049
-0.682044442733 -2.75334276208 -1.4820810448 -0.682044442733 -2.75334276208 -1.4820810448
0.263107420233 0.0720521491589 0.120315554961 -0.157900146057 0.131191235639 0.0290154670366
2.08350657419 -2.11708268456 -1.36809441273 2.23984046423 -1.75518559692 -1.78061769112
-0.316295542219 1.24960038417 -0.638828346926 -0.322704872326 1.25350384516 -0.278657152905
0.205078249666 0.483544454446 -0.758626454317 0.205078249666 0.483544454446 -0.758626454317
3.17321730138 -0.971446425152 0.154433912653 3.17321730138 -0.971446425152 0.154433912653
1.94614835518 1.33201545171 -1.15733946537 1.94614835518 1.33201545171 -1.15733946537
0.895332470986 -1.42429201498 -2.00684084231 0.407681402912 -1.86271677784 -1.6292933239
-0.756696961601 0.77077207193 1.12360897352 -0.756696961601 0.77077207193 1.12360897352
5.41735529072 -2.94213827454 -3.0220522444 5.41735529072 -2.94213827454 -3.0220522444
1.35734830922 -0.211517892522 0.686042546203 1.35734830922 -0.211517892522 0.686042546203
2.05992221794 -0.465967348999 0.61369385136 1.82662672475 -1.55861273219 0.592305917827
2.49595372065 -3.71720847238 0.348838183874 2.48837529869 -3.54880702967 0.427576453598
2.93162444193 2.08913692819 3.84318940711 2.93162444193 2.08913692819 3.84318940711
-0.484578301871 0.325345601263 -2.01298857459 -0.484578301871 0.325345601263 -2.01298857459
0.616374608101 0.012247017698 -1.96704332928 1.18342613925 0.0789826584511 -1.78139778212
-1.66314721515 3.02109103909 0.548828879477 -1.66314721515 3.02109103909 0.548828879477
0.551637720574 -0.564295742927 -0.566025332999 0.551637720574 -0.564295742927 -0.566025332999
1.58214091582 3.49034042775 -0.313310043288 1.58214091582 3.49034042775 -0.313310043288
3.75421190323 -0.0164907464745 1.52824778922 3.75421190323 -0.0164907464745 1.52824778922
0.455252477954 -0.453228589443 0.107488787619 0.518439440796 -0.253668787687 0.142021302573
1.2461406232 0.657032370279 -1.35049838227 1.09291655622 1.14169602125 -1.13797705492
1.88684494459 -1.44949320739 2.54026262102 1.50569391888 -1.16792188933 2.03436075029
-2.20758304214 -0.850154561348 1.55040552082 -2.20758304214 -0.850154561348 1.55040552082
4.78835378241 -1.00400332657 0.790667155479 4.78835378241 -1.00400332657 0.790667155479
-1.21320461083 -1.25953564014 -0.100817023346 -1.21320461083 -1.25953564014 -0.100817023346
0.608487567571 -0.411301642389 0.247907034831 -0.0716704834577 -0.942588079963 0.423625020921
1.36034002078 -2.5256878542 8.08630101716 1.36034002078 -2.5256878542 8.08630101716
-3.61956600022 5.44310465459 0.56398185281 -3.61956600022 5.44310465459 0.56398185281
0.226526013094 3.5620554987 4.38917781162 0.226526013094 3.5620554987 4.38917781162
-2.06839027627 2.6889526979 -0.79836775258 -2.06839027627 2.6889526979 -0.79836775258
-2.45178543962 -2.76057301557 3.15493854515 -2.45178543962 -2.76057301557 3.15493854515
1.58000543592 -1.18817488845 -2.37438361205 1.58000543592 -1.18817488845 -2.37438361205
0.551831559411 1.15930102753 -5.15261582978 0.551831559411 1.15930102753 -5.15261582978
0.0929613925988 -1.5002251304 -0.675204595583 0.275788727572 -1.54922230865 -0.352024899428
0.67320814726 -0.413787498119 1.06881214522 0.617504584972 -0.382911711517 0.649299914567
1.18342613925 0.0789826584511 -1.78139778212 0.616374608101 0.012247017698 -1.96704332928
0.630742101554 0.700675088646 0.0457609394196 0.503892531168 0.678387853539 -0.0952288136154
-0.00780018068141 -0.0590782296078 -0.57593208928 -0.22443923269 0.299249393973 -0.391620474547
0.711176235456 -2.12177208695 -1.85434463453 0.599315422168 -1.69478766101 -1.8956744648
1.35577578183 4.62299145526 2.01636186559 1.35577578183 4.62299145526 2.01636186559
5.62509648936 3.8955405887 1.39505356323 5.62509648936 3.8955405887 1.39505356323
-0.208853384937 3.19006152395 2.19159597375 -0.208853384937 3.19006152395 2.19159597375
3.79019835613 -1.66441206486 -4.12555129633 3.79019835613 -1.66441206486 -4.12555129633
-1.17124225803 0.954903676232 -1.21588418976 -0.324827476277 1.02092995424 -0.900894207218
1.63876384616 -0.170495269274 -2.88510265523 1.34153155452 -0.0314747984028 -2.59595832642
2.6389507271 -0.622797229278 0.218411379862 2.6389507271 -0.622797229278 0.218411379862
0.238230362178 -2.65403588015 -2.9228234634 -0.00446448581377 -3.00409329273 -2.72730681316
1.11546424696 -0.451242718024 -1.69247132817 1.11546424696 -0.451242718024 -1.69247132817
0.626084651552 -1.26785109728 -1.27346377689 0.895332470986 -1.42429201498 -2.00684084231
-1.69456588606 -3.96299172694 0.70779474679 -1.69456588606 -3.96299172694 0.70779474679
1.86438873504 -0.525025163036 -2.58128734912 1.86438873504 -0.525025163036 -2.58128734912
-0.377540485965 0.891501223697 -1.0416123398 -1.17124225803 0.954903676232 -1.21588418976
-1.58381569761 0.132215442451 5.03241748435 -1.58381569761 0.132215442451 5.03241748435
-2.01260076151 0.986615144596 -0.987118504398 -2.01260076151 0.986615144596 -0.987118504398
2.83977440872 0.816421410096 3.35279386243 2.83977440872 0.816421410096 3.35279386243
3.75338396568 2.9241046864 0.857677670953 3.75338396568 2.9241046864 0.857677670953
1.47350434636 -0.348891548364 0.198607348295 1.47120243501 -0.511391684399 0.585307568017
2.1663943016 -2.61959013088 2.47075248983 2.1663943016 -2.61959013088 2.47075248983
0.340666752434 4.36295754859 -4.67650412184 0.340666752434 4.36295754859 -4.67650412184
1.49439244221 1.6179558729 -1.0647634946 1.3232529289 0.946758692546 -0.843713425691
-0.186249981341 0.334476739904 -0.162804486387 -0.350613092047 0.697377285861 -0.00594158790882
-0.904983479128 -2.01067919216 4.70694130856 -0.904983479128 -2.01067919216 4.70694130856
5.41735440116 3.75834791086 1.67265898819 5.41735440116 3.75834791086 1.67265898819
-1.086606408 3.83379206347 -5.45723060039 -1.086606408 3.83379206347 -5.45723060039
0.919255735838 2.35816843175 -1.69526383788 0.861446303567 2.02639489086 -1.97402943995
0.960661601044 2.47447977981 3.59653370543 0.960661601044 2.47447977981 3.59653370543
4.23001150285 2.56776372817 -0.848478124516 4.23001150285 2.56776372817 -0.848478124516
0.476296281353 -0.67322065223 0.320622648939 0.476296281353 -0.67322065223 0.320622648939
0.846240988164 1.94080392498 -1.89053084428 1.27473932645 1.76535422963 -1.71112752725
-1.74737491845 0.956829847614 0.47719279367 -2.12162694011 1.44884933121 0.161836481948
0.515178326559 -0.691764286981 0.357840475644 0.229990790812 0.331162379475 0.0470612792916
-1.94790131256 -2.44287840611 0.303681531993 -1.94790131256 -2.44287840611 0.303681531993
3.1165853449 -2.35382294629 0.688604783229 3.1165853449 -2.35382294629 0.688604783229
-3.89922567091 -0.542033906134 0.433249168621 -3.59747740268 -0.782583178114 0.666814233016
0.320004064985 0.521876293145 -0.842095489945 0.451984046624 -0.0198448220673 -0.0590994530707
-2.93519989009 -0.331081226305 0.437115195616 -2.93519989009 -0.331081226305 0.437115195616
4.38643365115 2.59725734732 -3.74349940479 4.38643365115 2.59725734732 -3.74349940479
0.41332157481 0.00425534496919 0.724550154664 0.357936452758 0.0171382391185 0.424348850983
0.928206377129 2.26855694207 -0.404841966694 0.928206377129 2.26855694207 -0.404841966694
-2.74882363725 -2.00439212227 0.464123516179 -2.74882363725 -2.00439212227 0.464123516179
-2.26057028753 1.38422381717 -2.22711379379 -2.26057028753 1.38422381717 -2.22711379379
-1.15739772642 0.609412191744 -2.64475919758 -1.15739772642 0.609412191744 -2.64475919758
-0.355473795887 -0.1180271158 0.558396957147 -0.403688604328 0.130457527058 0.787398119569
3.34270128973 -1.72894829376 -2.33819677877 3.34270128973 -1.72894829376 -2.33819677877
-0.0835354171627 -0.749457084594 1.78555924445 0.0874468908497 -0.573593278556 1.88766053977
-0.310943748924 1.31297641594 -0.495611799695 -0.0910903997243 0.941848370876 -0.712856206178
-3.69048280115 1.74679995692 -0.713512591761 -3.69048280115 1.74679995692 -0.713512591761
-0.746958652656 -0.237696842174 -2.27640871051 -0.746958652656 -0.237696842174 -2.27640871051
0.0832422544693 -0.275284744823 -0.139939570278 0.702392548927 -0.455933340599 0.129718616266
0.0876518994643 2.84123998162 -1.92679400008 0.353448259979 2.50852215931 -1.63222149709
0.52140119155 -1.39852738625 -2.51155849713 0.52140119155 -1.39852738625 -2.51155849713
-0.881665150507 1.53867444023 3.72730410765 -0.881665150507 1.53867444023 3.72730410765
-0.348714923936 0.987480446592 0.592584111583 0.0635508717256 0.733288035974 0.682870810687
-0.470406452194 1.08026713805 5.16094017751 -0.470406452194 1.08026713805 5.16094017751
4.62204706754 0.702811467624 0.0102705765638 4.62204706754 0.702811467624 0.0102705765638
0.0505626134529 -1.00312508403 0.280160378826 0.382614234008 -1.25543985242 0.547742379224
3.53525787434 -3.18143408761 0.184374112389 3.53525787434 -3.18143408761 0.184374112389
-0.163364033393 1.46717715929 0.512159849929 -0.163364033393 1.46717715929 0.512159849929
0.978526830971 0.627433785833 0.385593537254 1.02677335974 0.954774853057 -0.361530313731
-2.33202215055 -0.786516914605 1.5962288717 -2.33202215055 -0.786516914605 1.5962288717
0.936015260426 0.545696974013 0.40547956778 0.854358682913 0.0472166322887 0.399894775204
-1.1046136836 2.27599203221 0.152766843302 -1.1046136836 2.27599203221 0.152766843302
0.5299781134 1.46653513448 1.46511616143 0.5299781134 1.46653513448 1.46511616143
-1.7384949002 3.06588906718 -0.89631654801 -1.7384949002 3.06588906718 -0.89631654801
0.319975296518 1.68476041892 -0.35268168935 0.0714806375193 1.43132324925 -0.190638661439
-0.083926100659 1.00292844303 -1.21515562054 -0.083926100659 1.00292844303 -1.21515562054
-0.32410134538 -4.67173401405 -1.57625656839 -0.32410134538 -4.67173401405 -1.57625656839
3.94050065446 -0.834612427247 2.56820646249 3.94050065446 -0.834612427247 2.56820646249
3.3962155978 -5.15033378068 0.0218901733989 3.3962155978 -5.15033378068 0.0218901733989
-0.077812125653 -1.9598453654 0.619623071372 -0.316008189648 -2.23686854795 0.693159985956
0.463204345954 -0.59239172685 3.90855337631 0.463204345954 -0.59239172685 3.90855337631
1.51292906755 -0.81501421805 -0.0462860303557 0.67320814726 -0.413787498119 1.06881214522
1.14659445243 -2.64368943642 -4.17559018733 1.6360683493 -2.67791017152 -3.88101298677
1.6360683493 -2.67791017152 -3.88101298677 1.14659445243 -2.64368943642 -4.17559018733
-3.23134493755 -4.15217257006 -0.110492816904 -3.23134493755 -4.15217257006 -0.110492816904
2.26644876368 -2.12231203229 -1.51924899956 2.26644876368 -2.12231203229 -1.51924899956
-1.24779486251 2.13828412703 -0.457614184882 -1.24779486251 2.13828412703 -0.457614184882
