-0.65083717179 0.9354960231 -0.0894370640165 -0.406196353219 0.8441873854 -0.113688658479
-1.24631986064 0.681221238633 -0.081153131902 -1.51946066714 0.164233155018 0.416451767274
1.77958374401 -2.38004080404 -0.584698175689 1.88941201023 -2.37056032495 0.0844035795965
-0.0916222488152 1.205813129 0.705569104433 -0.426576815945 1.16434289223 0.594281062422
-0.291494768029 -0.00304461310765 -0.32654039464 -0.550194101639 -0.0180044534757 -0.573439281851
1.48549676914 1.23653347925 0.109289328666 1.41936729947 1.52459095472 0.450150738691
1.15699660805 1.2264667893 -0.35314898014 1.48549676914 1.23653347925 0.109289328666
0.333293542887 0.0637650114063 0.267093586703 0.488189788922 -0.0393675835488 -0.29205864758
-0.375748845722 1.00714482666 -0.246318740676 -0.792591826241 1.26485360274 0.529317116329
1.62139006906 0.893558064591 1.0962538269 1.62139006906 0.893558064591 1.0962538269
1.16719147164 1.34386152503 0.555924044769 0.835365121684 1.32959321993 -0.00713662272274
-4.12261243163 0.773168836394 -0.390576905843 -4.12261243163 0.773168836394 -0.390576905843
0.969406346146 0.63111331543 0.103834778113 1.26375413116 0.411043605628 -0.147466282178
-0.599480887614 0.592139435302 -0.128409030932 -0.332393651516 -0.0424117820789 0.0167326239563
0.350326892559 1.00998387258 0.199710139026 0.350326892559 1.00998387258 0.199710139026
0.931925539986 -0.14465205178 0.0191328717157 1.20789086523 -0.662838522604 -0.421531133305
-0.000617315160294 -0.309911696078 -0.56175247862 0.595895609393 -0.0388190757036 -0.384693043037
0.0656061024853 -0.708801826101 0.378877272612 0.729705501076 -0.668980212549 0.762623880722
1.32832894206 -3.19745796243 0.520162858469 1.32832894206 -3.19745796243 0.520162858469
-0.303800306142 0.399252603028 0.189101540695 -0.375101772318 0.0633314370472 0.347689243452
0.596399328518 0.116118710703 -0.36551137343 0.333293542887 0.0637650114063 0.267093586703
0.0748739370902 1.16559298528 0.451166779021 -0.201977345419 1.50829611945 0.369350339172
-0.800715046104 -1.09012962535 -0.00515675671842 -0.781284261152 -0.319096196795 -0.150197179483
1.36554025307 -0.555039908685 0.137724856078 1.17649841584 -0.686715288504 -0.290469474133
1.2490148879 1.64099832748 0.0970500422876 1.08570377789 1.37081673921 -0.534032379949
0.902646165098 0.517509832025 -0.188603819245 0.998097873718 0.0741233324154 -0.398025842122
1.57354985876 0.673584248705 0.116287357433 1.28221280156 0.475090700798 0.228182543387
1.0514051819 0.405534202843 -0.116750582966 0.828005160078 0.928051622205 0.288358438158
0.931921160759 0.828003173429 0.577341705782 1.73379741546 0.738415807969 -0.020909584958
0.569009563533 -0.63302638003 -0.1630756875 0.821786080417 -0.599624342948 -0.399645297831
-0.16717207786 0.228260089876 0.489959769429 -0.303800306142 0.399252603028 0.189101540695
0.482833625208 -0.0233508184893 0.332278648794 0.92846482229 -0.413709353816 0.0180528053603
-0.427905375135 -0.22138776656 0.190170879738 -0.253117401525 0.0127142582112 -0.0149006779987
0.399984730861 0.732271168131 0.172127618552 -0.464678703092 0.399640665836 0.0679596622181
-0.244409605021 -0.235425398737 -0.548293908926 0.578320726734 -0.353474779429 -0.237204039535
-0.0510007830363 0.556210835283 -0.21115285867 0.1286648007 0.791251962319 -0.203313433634
-1.61010132297 -0.390284392377 0.0764083466741 -1.48063146225 0.098408365245 0.161396760359
0.455242036066 0.498642111316 0.358849895473 0.482833625208 -0.0233508184893 0.332278648794
1.04996362814 0.871180470807 0.414448736889 1.08123782567 1.53398027369 0.139350296016
3.56396323707 -3.18833898383 -0.701262117268 3.56396323707 -3.18833898383 -0.701262117268
1.30287431227 0.966521800459 -0.0678878690941 0.931921160759 0.828003173429 0.577341705782
-2.01791017812 0.571317343525 -0.0493942524866 -2.07872936475 0.2489017087 0.0660045029008
-2.07872936475 0.2489017087 0.0660045029008 -2.03736503016 0.560782700879 0.0776296158694
-0.0353179650868 -0.125654065133 -0.188597898084 -0.407788426618 -0.171149794305 -0.157541890223
-1.20476908288 -1.12643602293 -0.0125923499892 -1.04195272035 -1.19353016627 -0.263398753482
0.870797645687 -0.286683004742 -0.210521878451 0.487053043695 0.209230292526 -0.273738710455
1.472515252 0.719267192323 0.324511038335 0.91928216966 0.973284590548 0.485931693003
0.192677365941 0.13253960518 -0.202637174883 0.883398806372 0.440419114068 0.198696762291
-1.47650877902 -0.140291694147 -0.0384643213056 -1.30102769564 0.0897999173635 0.0371430163095
-1.99581809801 -0.840978102396 0.168828427628 -2.14596307242 -0.97446499684 0.151542596051
2.08570804998 0.580636877066 0.367943473385 2.22077285467 0.66863926697 0.195449314972
5.2020705115 -2.25119031325 0.159229465729 5.2020705115 -2.25119031325 0.159229465729
-0.623751863279 1.61780883951 -0.0154007117442 -0.421703749389 1.91467034912 -0.000476455705301
0.525580513841 -0.691569083535 0.70241291437 0.251441553542 -0.899882358645 0.520198742988
-2.14596307242 -0.97446499684 0.151542596051 -2.00640107552 -0.486770693187 0.498238118957
0.846816184294 -0.484566905377 -0.0431977675112 1.33564907256 -0.484073474072 -0.276463563158
-0.143604227624 0.0278309577483 0.177892293394 -0.160417641824 -0.0670324011654 -0.0526237342355
-4.50810542611 -0.0846822541845 0.449541807559 -4.50810542611 -0.0846822541845 0.449541807559
-1.48691924547 0.314264513455 0.270609664803 -0.561726145933 0.542701620803 0.252061876855
2.97354689284 1.48283785473 -0.0545648948102 2.97354689284 1.48283785473 -0.0545648948102
0.674951838772 0.304761478613 0.390820207925 0.674951838772 0.304761478613 0.390820207925
0.92846482229 -0.413709353816 0.0180528053603 0.756278353104 -0.436129230996 0.354843105333
0.761580083158 -0.319890507952 0.111867983726 0.475754766829 -0.41421493097 -0.463668934666
1.73379741546 0.738415807969 -0.020909584958 1.5504000326 0.646267293355 0.0602001308216
0.578320726734 -0.353474779429 -0.237204039535 0.761580083158 -0.319890507952 0.111867983726
-0.50529351966 0.262223005398 -0.324771929825 -1.09806994494 0.391416471645 -0.225431642478
1.3441296022 0.586072481182 0.482409889055 1.33133945389 0.461427834639 0.139177112568
0.821786080417 -0.599624342948 -0.399645297831 1.04234438512 -1.10006509895 -0.372328213207
-0.548256572472 -1.51372132373 -0.314730857978 -1.23657304563 -0.736811608034 0.285424479399
0.67616567985 -0.77401610323 0.112666791018 0.68527882151 -0.884070914226 -0.195829572672
1.69109462812 -2.32823065357 0.207628816368 1.69109462812 -2.32823065357 0.207628816368
0.359916219844 0.0176627589838 -0.247838143138 0.846660107173 -0.359273373253 0.0511690355817
-0.0972743009511 -1.34394887981 0.164668018165 -0.486124480658 -1.19737414671 -0.590444552393
0.237242162394 0.567482877473 0.568996369605 -0.614134967705 0.258822098758 0.398833307789
0.12267597008 -1.25983794882 0.222519390298 0.318456650636 -1.38884500317 -0.166993668874
1.17649841584 -0.686715288504 -0.290469474133 1.06888029237 -0.842384523498 0.124510789932
0.458871703956 1.08323132738 -0.135626242227 1.12314439423 0.57615570555 0.382527951398
-0.0168907111058 -4.66823202185 -0.111647589948 -0.0168907111058 -4.66823202185 -0.111647589948
-1.75518026435 -2.08994486557 0.039728118418 -1.7510169276 -2.31513607054 -0.252516602202
-0.575627968156 -0.263730624952 0.203259352878 -0.454953538217 -0.596953172076 -0.131587402516
0.29641650571 -0.866384637932 0.171969521798 0.29641650571 -0.866384637932 0.171969521798
-1.752857664 3.24067226415 0.4322800847 -1.752857664 3.24067226415 0.4322800847
1.13366436375 -0.961061398895 -0.202390605086 0.569009563533 -0.63302638003 -0.1630756875
-0.392043897695 0.620810041719 -0.527289866664 -0.95193139133 0.655367818336 -0.144636770427
1.98542472393 1.34208173193 -0.0138899314737 1.57640445677 1.45642335636 0.169583948846
-1.57814881303 -0.250480359709 0.235532472523 -1.54196660562 0.0650867636678 0.564146893483
1.57640445677 1.45642335636 0.169583948846 1.98542472393 1.34208173193 -0.0138899314737
-0.614134967705 0.258822098758 0.398833307789 -0.694533907136 0.34215204775 -0.132888578853
0.969243884623 0.0407816743715 0.300836174111 0.761897406353 0.256233296006 0.6340424154
0.835365121684 1.32959321993 -0.00713662272274 1.2490148879 1.64099832748 0.0970500422876
-0.409909911174 -0.707523510874 0.334075209406 -0.480490052694 -0.236919106747 0.236714200276
0.237357552521 -0.091847236456 -0.115140232743 -0.407441893755 -0.0878637217068 -0.234036242378
0.8445318386 1.80359303662 0.344981066603 1.04996362814 0.871180470807 0.414448736889
0.771915983566 0.487479366415 0.135636875851 0.17668212337 0.113327425173 0.435890326566
-1.23657304563 -0.736811608034 0.285424479399 -1.20476908288 -1.12643602293 -0.0125923499892
-0.375101772318 0.0633314370472 0.347689243452 -0.233019988878 -0.0077577566788 0.118295391868
-0.316134137905 -0.546149926872 -0.0647900949232 -0.0904438444353 0.00845508090195 0.296081521991
-0.00737167850908 -2.36814390988 -0.773303352239 -0.00737167850908 -2.36814390988 -0.773303352239
-6.43431692769 5.22715114864 0.374802847669 -6.43431692769 5.22715114864 0.374802847669
-0.407441893755 -0.0878637217068 -0.234036242378 0.156455296403 0.358586587149 -0.119058872911
2.56809348298 -3.52672398947 0.0546346887004 2.56809348298 -3.52672398947 0.0546346887004
0.754794220242 0.366551048585 0.205302706714 1.0514051819 0.405534202843 -0.116750582966
0.0413924032121 -1.57409819201 0.0567817328598 0.0413924032121 -1.57409819201 0.0567817328598
-0.690697272732 0.386661109416 0.356615044689 -0.392043897695 0.620810041719 -0.527289866664
-1.04195272035 -1.19353016627 -0.263398753482 -1.36873277534 -1.07717092489 -0.22567076797
-0.585931877104 0.138497669065 0.414743433441 0.35004822639 -0.216280564866 -0.0842622448478
0.998097873718 0.0741233324154 -0.398025842122 0.641498614698 -0.188317264799 -0.452593508773
-0.476308139598 0.425831840321 -0.538801255889 -0.244409605021 -0.235425398737 -0.548293908926
-0.772096462075 -0.0811569224176 -0.00514708895425 -0.9542614118 -0.108208843804 0.0789847510064
-1.26327370433 0.75411762122 -0.184555579287 -1.24631986064 0.681221238633 -0.081153131902
-0.6047242504 -0.953171491272 -0.477732057977 -0.635225136685 -0.824933145606 -0.412977166171
0.840181090361 1.07006434513 0.274779979512 0.454475653048 0.244517670435 -0.384893983346
-1.30102769564 0.0897999173635 0.0371430163095 -0.772096462075 -0.0811569224176 -0.00514708895425
-1.63939688452 -0.193360133519 -0.296801434789 -1.57146666407 -0.168747835892 -0.00108974702724
-1.54196660562 0.0650867636678 0.564146893483 -1.48691924547 0.314264513455 0.270609664803
1.08890717111 -1.2721521791 -0.314050441576 1.55081786941 -1.09046353732 0.0744624046686
1.86728444892 1.26131725469 0.00270593653834 1.20932711288 1.33808641936 -0.695336102444
-0.778791424056 0.328197300539 0.204776793081 -0.161731999473 0.548667977434 0.230026123282
1.05575481457 -0.467121885495 0.0614633785523 1.05575481457 -0.467121885495 0.0614633785523
0.781750106776 0.881084802161 -0.603738073428 0.426577106314 0.441632382559 -0.388068307892
-1.40706912929 0.835233874238 -0.687841132566 -1.40706912929 0.835233874238 -0.687841132566
1.35038720066 0.189911136706 -0.00221699132181 1.11179597036 -0.0678804145751 0.056659254042
5.06279347854 0.744483365893 0.38483572403 5.06279347854 0.744483365893 0.38483572403
0.965340334148 -0.233846110126 1.12433206882 0.965340334148 -0.233846110126 1.12433206882
0.804169153156 0.690358094719 -0.084132211319 0.771915983566 0.487479366415 0.135636875851
1.0644527825 0.27771243309 -0.634690558848 0.873217064478 0.430486873473 -0.653563451073
0.762767870252 -0.047173652933 -0.405110062392 0.762767870252 -0.047173652933 -0.405110062392
0.889629120563 -0.0742615429943 -0.0615224098507 0.769302821722 -0.0870600219681 -0.112769485642
1.20932711288 1.33808641936 -0.695336102444 1.16900220412 1.28458979376 -0.329520884665
1.36452407589 0.439785696873 0.382015863406 1.67280184618 0.602510477177 0.414363303021
1.00764185576 -0.571388585772 -0.482272586347 1.00764185576 -0.571388585772 -0.482272586347
-0.786827722666 -0.0276816021035 0.141002223376 -0.476308139598 0.425831840321 -0.538801255889
-3.17857936765 2.86404630501 0.37809291063 -3.17857936765 2.86404630501 0.37809291063
0.646212874762 1.13954684078 -0.863314856631 1.0644527825 0.27771243309 -0.634690558848
3.89880509922 1.64532863386 -0.0266326520802 3.89880509922 1.64532863386 -0.0266326520802
-0.0904438444353 0.00845508090195 0.296081521991 0.327828549986 -0.0939212216676 -0.0925085750243
0.127738520893 0.172789474388 0.28935624531 0.127738520893 0.172789474388 0.28935624531
0.203641258232 -0.217026137773 -0.0467900739885 0.385929667726 0.723393188521 0.178751366602
-1.26957740475 -0.0566945425261 -0.0421159484419 -0.553114389933 -0.0829928042913 0.275012774388
1.48078147952 -0.273412899138 0.111111625507 1.63223356903 -0.0662722088385 -0.754573349647
-0.95193139133 0.655367818336 -0.144636770427 -0.65083717179 0.9354960231 -0.0894370640165
-0.227823766928 0.430846662145 -0.0602263348967 0.296192955318 0.161304812535 0.41670918293
1.78173417628 -0.460728959066 -0.162974375047 1.65826881862 -0.643091087352 -0.337434274072
1.16458266847 -3.2721623973 0.861874233371 1.16458266847 -3.2721623973 0.861874233371
1.20366755577 1.3661914169 -0.109303062457 1.20366755577 1.3661914169 -0.109303062457
0.846660107173 -0.359273373253 0.0511690355817 0.518827418974 -0.334612923747 -0.269911922533
0.10784968798 0.256259755521 0.362231087401 -0.185928925779 0.0187313724391 -0.0173787283192
0.540894742363 0.116828779855 0.813389735521 0.237242162394 0.567482877473 0.568996369605
2.22077285467 0.66863926697 0.195449314972 1.63596272726 0.806539665464 -0.186772135864
1.55026712972 0.142312156242 0.924998203812 0.853965533082 -0.00174820913655 0.911393486233
-0.454953538217 -0.596953172076 -0.131587402516 -0.409909911174 -0.707523510874 0.334075209406
2.30177650578 2.33607792158 -0.0725664333226 2.30177650578 2.33607792158 -0.0725664333226
0.82419399488 -1.08051648537 0.0126621052801 1.21724752901 -0.571222385668 0.232322473408
-0.486124480658 -1.19737414671 -0.590444552393 0.196274715578 -1.1322099017 -0.21372775886
0.595895609393 -0.0388190757036 -0.384693043037 -0.111335602389 -0.160792352868 -0.374720299648
-0.27325267895 1.11580486308 -0.0150928274652 -0.235430899335 1.08333250143 0.120581609095
-0.271103441491 -0.703568914136 -0.031131471095 0.072915716581 -0.470319411679 -0.181076493515
2.96201388898 -3.92552030767 0.10986359685 2.96201388898 -3.92552030767 0.10986359685
-0.556177569315 0.0185369991282 0.00283423636794 -0.442521891632 -0.19117765377 0.456586176705
1.18425059456 -2.1026935187 0.25583266725 1.18425059456 -2.1026935187 0.25583266725
0.385929667726 0.723393188521 0.178751366602 0.781750106776 0.881084802161 -0.603738073428
5.4586372213 -0.328711268357 -0.0823166459024 5.4586372213 -0.328711268357 -0.0823166459024
0.350048218884 -0.0413065201892 0.358170171209 0.112688366656 -0.122367820243 0.126442325491
-3.11989543611 1.42291997945 0.570761190503 -3.11989543611 1.42291997945 0.570761190503
1.54328181387 4.80124557324 0.15619292371 1.54328181387 4.80124557324 0.15619292371
-0.377494314794 0.22372143033 0.079723745264 -0.0204017889052 0.30374243525 -0.204747954055
1.07554147383 0.0954663881869 0.688637700879 0.540894742363 0.116828779855 0.813389735521
-0.154050380278 0.184136298638 -0.166414482393 -0.50529351966 0.262223005398 -0.324771929825
0.300396513608 -0.947719176686 -0.47187682451 0.300396513608 -0.947719176686 -0.47187682451
0.585311351026 5.43748428083 -0.684512990984 0.585311351026 5.43748428083 -0.684512990984
-0.314241384363 -0.237633882863 0.320458104853 -0.443857956154 -1.13896393089 -0.125194328477
1.20789086523 -0.662838522604 -0.421531133305 0.827851729061 -0.987722524088 -0.179375151846
0.196274715578 -1.1322099017 -0.21372775886 -0.253490247448 -1.33643732664 -0.247062322898
0.877948879629 -0.192935603659 0.337833714956 0.931925539986 -0.14465205178 0.0191328717157
0.372835239532 -0.223903792318 0.151232384998 -0.0871895780113 -0.733792693881 0.297834305253
0.769924033159 0.306880549957 -0.166149245194 0.480543347922 0.394975559199 0.111594105761
1.41936729947 1.52459095472 0.450150738691 0.392641013861 1.10246590804 0.657523065008
-0.153046286103 -0.217060988658 -0.270988416104 -0.0394363970293 -0.835284698575 -0.320412664123
0.389885050975 -0.386988060388 0.783177588005 0.387018771484 -0.89773941912 0.333546558202
0.376658121704 -0.65388568023 0.00124794488293 -0.139095594971 -0.918540965929 -0.244830982552
0.641498614698 -0.188317264799 -0.452593508773 0.685371169782 0.343528388514 -0.489838897544
1.28795248923 0.823857875246 0.175450167838 1.55545966082 1.40236613573 0.631320433006
-0.233019988878 -0.0077577566788 0.118295391868 -0.217572695276 -0.697674509224 -0.379565967191
0.156455296403 0.358586587149 -0.119058872911 0.247642340235 0.641920787297 -0.295417836638
-0.432676575079 0.339825821577 0.13363507247 0.192677365941 0.13253960518 -0.202637174883
-0.329960970011 -0.256069214312 0.146627679668 -0.39865816496 0.178738936262 -0.173782311657
-1.51946066714 0.164233155018 0.416451767274 -1.401185347 0.0317310232087 -0.371139445427
0.997295554111 0.183558689102 0.303995921118 1.55026712972 0.142312156242 0.924998203812
0.351814519202 -0.415521078447 0.0241773558633 0.889629120563 -0.0742615429943 -0.0615224098507
-2.83242876061 2.25232597622 -0.397976567639 -2.88131974081 1.55061267736 -0.290139438468
-0.435394462982 0.870833523341 0.0804651181399 0.0419382634766 0.49469582294 -0.575419112752
-0.633589674151 2.22450663934 0.805248200189 -0.633589674151 2.22450663934 0.805248200189
1.06888029237 -0.842384523498 0.124510789932 1.13366436375 -0.961061398895 -0.202390605086
-1.61044750475 1.50450822801 1.06022787656 -1.61044750475 1.50450822801 1.06022787656
0.919577857239 1.10800832573 -0.0975476447966 0.882932152391 1.34566010584 -0.304159203427
3.25646515922 -2.37468873646 -1.23150381791 3.25646515922 -2.37468873646 -1.23150381791
2.07236894297 -2.72179136637 0.000911524698006 2.07236894297 -2.72179136637 0.000911524698006
1.5504000326 0.646267293355 0.0602001308216 2.08570804998 0.580636877066 0.367943473385
-0.407788426618 -0.171149794305 -0.157541890223 -0.00100935691954 0.625976778272 -0.161084332706
0.31141712912 1.01544922908 0.294239315088 0.619971852431 0.896500630051 0.17342931528
-0.463593735695 0.268149427019 0.0910615265705 -0.227823766928 0.430846662145 -0.0602263348967
1.08059469812 0.51739807508 0.286835990417 1.36452407589 0.439785696873 0.382015863406
0.649994541686 -0.296808754341 0.00735698330011 0.67616567985 -0.77401610323 0.112666791018
-1.20435092057 -3.11334864314 0.118412286743 -1.20435092057 -3.11334864314 0.118412286743
0.192101664592 0.51747989751 1.05337733717 0.0298539882845 0.645944217407 0.261565103827
0.232671198603 0.546332371278 0.104412631537 -0.0599671536982 0.395127714048 0.396803257637
-0.442521891632 -0.19117765377 0.456586176705 -0.427905375135 -0.22138776656 0.190170879738
-0.332393651516 -0.0424117820789 0.0167326239563 -0.329960970011 -0.256069214312 0.146627679668
-1.53570231698 -5.47227304359 -0.368574492837 -1.53570231698 -5.47227304359 -0.368574492837
-1.11635831709 0.653497336244 -0.400928373222 -0.778791424056 0.328197300539 0.204776793081
-1.1169172161 -0.240156375763 -0.657281124014 -1.23468064806 -0.202852171065 -0.745989021955
0.205777251353 -2.52294591267 -0.155225853847 0.205777251353 -2.52294591267 -0.155225853847
-2.22536432683 -1.55116172486 0.814768173032 -2.22536432683 -1.55116172486 0.814768173032
0.836559658195 -0.38519029475 -0.548571658244 1.04295498788 0.0679650351865 -0.553119393873
0.965461827416 -0.107194587433 -0.144919661088 1.51574429034 -0.117081036867 -0.0584968052809
0.327828549986 -0.0939212216676 -0.0925085750243 0.578297381201 0.395925537291 0.301011514016
0.694023667821 -0.071768140342 0.244557482741 1.14490079305 -0.0781271820993 0.248992155424
0.988663463925 1.09464549052 -0.527962557698 0.433492312385 1.08747926349 -0.448354250605
0.769302821722 -0.0870600219681 -0.112769485642 0.261724806897 -0.374507433259 0.402958563602
-0.0965071772458 2.17672109815 -0.0902556742009 0.613817882289 1.67913067318 -0.497232604825
0.898168028903 0.520175872958 0.167453802045 1.86728444892 1.26131725469 0.00270593653834
-2.31224013754 3.82602750835 0.138643921553 -2.31224013754 3.82602750835 0.138643921553
0.433492312385 1.08747926349 -0.448354250605 0.646212874762 1.13954684078 -0.863314856631
-0.210166365921 -0.142474426724 0.211879563908 -0.210512501419 0.0680162708963 0.478039071659
-0.0504161646252 -2.11806310266 -0.901301350653 -0.0504161646252 -2.11806310266 -0.901301350653
0.883398806372 0.440419114068 0.198696762291 1.28795248923 0.823857875246 0.175450167838
-0.682967521607 -1.1627027549 -0.583855623964 -1.1207774635 -1.05461608874 -0.303974117492
-0.136266602062 0.774437267235 0.471703882648 -0.751287839868 0.595601968321 0.242273746221
-3.41029982139 0.762278460817 -0.56241811966 -3.41029982139 0.762278460817 -0.56241811966
1.21829111082 -0.830004807803 -0.230483076759 1.21829111082 -0.830004807803 -0.230483076759
1.67728579112 0.37801711538 -0.11579352973 1.4405300933 0.159142684385 0.204716401138
4.09902439313 2.36242856033 0.265292161734 4.09902439313 2.36242856033 0.265292161734
0.948745826193 0.661051193621 -0.0933658883405 0.904189135845 0.613463476237 0.031502774593
0.480543347922 0.394975559199 0.111594105761 0.398540905804 0.174368043121 0.291183419864
-1.7510169276 -2.31513607054 -0.252516602202 -1.75518026435 -2.08994486557 0.039728118418
-0.235015037005 -0.874436516843 0.231840671844 -0.210166365921 -0.142474426724 0.211879563908
0.156380868468 0.0772703093719 -0.0963967850989 0.769924033159 0.306880549957 -0.166149245194
0.681247776522 -0.821751829862 -0.158203234835 0.164877892766 -0.275206706076 -0.106611939107
-2.65534086974 -4.93197364049 0.782809895757 -2.65534086974 -4.93197364049 0.782809895757
1.31056977895 2.41928570159 0.401949452452 1.31056977895 2.41928570159 0.401949452452
-0.0599671536982 0.395127714048 0.396803257637 0.268523902866 0.64902443096 -0.0902262185486
1.19500177607 -0.287000161056 0.307312271863 1.36554025307 -0.555039908685 0.137724856078
5.09147459655 -3.62420976676 -0.0581938925392 5.09147459655 -3.62420976676 -0.0581938925392
1.8920158106 -3.45056983 -0.627526807414 1.8920158106 -3.45056983 -0.627526807414
0.367638023599 -1.03618629217 0.0780867562541 -0.0972743009511 -1.34394887981 0.164668018165
0.487053043695 0.209230292526 -0.273738710455 0.376658121704 -0.65388568023 0.00124794488293
-0.288372073613 -2.28462879401 -0.169293166549 0.20409440718 -3.01106505514 -0.284439450982
1.88154806199 0.863679583262 0.921122427762 1.88154806199 0.863679583262 0.921122427762
0.175890361814 -1.10009891433 -0.0670790570882 0.605779265146 -1.40899535736 -0.39684076742
0.261724806897 -0.374507433259 0.402958563602 0.689812705862 -0.591313033698 0.0621040335417
-0.253490247448 -1.33643732664 -0.247062322898 -0.800715046104 -1.09012962535 -0.00515675671842
0.451696878222 -0.439034059164 0.346196251839 0.156380868468 0.0772703093719 -0.0963967850989
-0.751287839868 0.595601968321 0.242273746221 -0.737686106539 1.03371648382 0.0845625137806
-3.36815096925 2.85868858739 -0.265534388957 -3.36815096925 2.85868858739 -0.265534388957
0.324359603495 -0.860082431644 0.263321771656 0.457644812654 -0.571950029399 -0.318553331676
1.236976429 1.52517194949 -0.166377715052 1.16719147164 1.34386152503 0.555924044769
1.51574429034 -0.117081036867 -0.0584968052809 1.37232994326 0.237454008886 0.218357923202
-2.47560636823 -1.34231388778 -0.432776071765 -2.47560636823 -1.34231388778 -0.432776071765
0.376108033109 -0.915401621483 0.382939496452 0.376108033109 -0.915401621483 0.382939496452
-0.381414678179 0.847580696368 0.115925322388 -0.0916222488152 1.205813129 0.705569104433
1.25147149383 -0.0837372110948 0.529162785647 0.997295554111 0.183558689102 0.303995921118
-0.201977345419 1.50829611945 0.369350339172 -0.179418541615 1.07346058203 0.149180515636
0.202136220853 -0.334685199236 -0.144606980648 0.174753447117 -0.681849806332 -0.296388365017
0.542241865234 0.342297233842 0.297105255699 0.643850010555 0.935485723455 -0.123168331956
1.09736628273 1.13551852458 -0.573351802427 1.09993426737 1.26898912265 0.0241834553591
0.68527882151 -0.884070914226 -0.195829572672 1.19500177607 -0.287000161056 0.307312271863
0.30476675936 1.10756641872 -0.0264013657356 0.35622389134 1.14102123072 0.00444796404914
-0.497578731332 0.22829243157 0.564921866454 -0.967995277762 -0.343551091802 1.02720633852
-1.57146666407 -0.168747835892 -0.00108974702724 -1.61010132297 -0.390284392377 0.0764083466741
-0.967995277762 -0.343551091802 1.02720633852 -0.275427894046 -0.476869542358 0.573109866782
-0.781284261152 -0.319096196795 -0.150197179483 -1.45324008745 -0.037064436728 -0.028667494787
1.167910235 1.24377825135 -0.212267929967 1.15699660805 1.2264667893 -0.35314898014
1.28221280156 0.475090700798 0.228182543387 0.10784968798 0.256259755521 0.362231087401
-0.0871895780113 -0.733792693881 0.297834305253 0.0446659429242 -0.896343192642 0.470805984845
0.296192955318 0.161304812535 0.41670918293 0.337937640354 0.0905885634639 -0.093172820094
0.993489332084 -0.103757676716 0.371562323515 0.742928415599 0.178359737782 0.506679121684
-2.06662831274 -0.336719552238 -0.0873925212761 -1.63939688452 -0.193360133519 -0.296801434789
0.174753447117 -0.681849806332 -0.296388365017 -0.40362256471 -1.20050748917 0.326468752191
0.597707554278 0.625195924169 -0.436254319974 0.597707554278 0.625195924169 -0.436254319974
1.16900220412 1.28458979376 -0.329520884665 1.236976429 1.52517194949 -0.166377715052
-2.00640107552 -0.486770693187 0.498238118957 -1.99581809801 -0.840978102396 0.168828427628
1.88941201023 -2.37056032495 0.0844035795965 1.86115633811 -2.28688194244 -0.453819783049
-1.47929728757 -0.38981649377 -0.0833103922829 -1.92413048487 -0.758249086282 0.430333833506
0.908132822992 -0.413018783548 0.514442783406 0.402776201079 -0.14341880583 0.215161866738
0.17668212337 0.113327425173 0.435890326566 0.645676339407 0.303091230321 0.242312493036
-0.27611724111 -0.413575730411 0.121655072177 -0.235015037005 -0.874436516843 0.231840671844
-0.367728893917 3.38541287099 -1.00443583229 -0.637948612141 3.70102408814 -0.675384232407
-0.539781930462 -0.581270693442 0.425580327144 -0.27611724111 -0.413575730411 0.121655072177
-1.1207774635 -1.05461608874 -0.303974117492 -0.6047242504 -0.953171491272 -0.477732057977
0.586267524069 1.11887187503 -0.0480438950331 1.0675253475 1.22535784831 -0.188451732869
2.82861693918 -1.53864973944 -0.161105920838 2.82861693918 -1.53864973944 -0.161105920838
1.66815054133 -4.35162877995 -0.889204441237 1.66815054133 -4.35162877995 -0.889204441237
-1.31843415589 1.41335586118 0.976866984224 -1.31843415589 1.41335586118 0.976866984224
-1.10362861933 -0.0253639900033 0.175938225344 -0.690697272732 0.386661109416 0.356615044689
0.742928415599 0.178359737782 0.506679121684 0.672062261287 0.382117823554 -0.382174614995
-1.401185347 0.0317310232087 -0.371139445427 -1.47650877902 -0.140291694147 -0.0384643213056
0.761897406353 0.256233296006 0.6340424154 0.898168028903 0.520175872958 0.167453802045
-0.160417641824 -0.0670324011654 -0.0526237342355 -0.582342583754 -0.594197767658 0.0177976896069
2.10218811437 -3.85359453569 0.128649839672 2.10218811437 -3.85359453569 0.128649839672
7.18077197447 1.14968569283 0.11648938583 7.18077197447 1.14968569283 0.11648938583
-0.464678703092 0.399640665836 0.0679596622181 -0.556177569315 0.0185369991282 0.00283423636794
0.475754766829 -0.41421493097 -0.463668934666 0.672688636629 -0.585755659482 -0.28520496577
0.892049820934 0.159862698921 0.416312627418 0.804169153156 0.690358094719 -0.084132211319
0.277192214067 -0.139687411689 -0.114087723026 0.596399328518 0.116118710703 -0.36551137343
3.58609429004 0.81577745491 0.160391854242 3.61553719909 0.464791641229 0.140898902308
-2.26885672425 0.910908815156 0.865905183885 -2.26885672425 0.910908815156 0.865905183885
-0.643808570232 -0.667468137731 -0.160158338208 -0.575627968156 -0.263730624952 0.203259352878
1.37232994326 0.237454008886 0.218357923202 1.23840877069 -0.179403145668 0.336155204113
-4.01813670214 2.44714607795 -0.437825593739 -4.01813670214 2.44714607795 -0.437825593739
0.643850010555 0.935485723455 -0.123168331956 0.969406346146 0.63111331543 0.103834778113
0.0431758053823 -2.42025207275 -0.0153284307242 -0.288372073613 -2.28462879401 -0.169293166549
3.46059077962 2.09763848085 0.0075133313051 3.46059077962 2.09763848085 0.0075133313051
-0.111335602389 -0.160792352868 -0.374720299648 -0.292871960969 -0.358973190605 -0.262014906157
-3.41735024475 -0.964201710872 -0.468041315094 -3.41735024475 -0.964201710872 -0.468041315094
0.613547909958 1.37955970952 0.127111229431 0.609933061961 0.959473539585 0.190559930494
-0.210512501419 0.0680162708963 0.478039071659 -0.136266602062 0.774437267235 0.471703882648
-0.631451391085 0.530443412286 0.303413972716 -0.381414678179 0.847580696368 0.115925322388
0.164877892766 -0.275206706076 -0.106611939107 0.0752332232129 -0.269372342539 -0.516428702998
0.488189788922 -0.0393675835488 -0.29205864758 0.735551130462 -0.550284030251 -0.502616931719
-0.235430899335 1.08333250143 0.120581609095 -0.0827366984081 0.905640814035 -0.303371213514
0.308947208657 0.260538410424 -0.0462538825459 -0.585931877104 0.138497669065 0.414743433441
0.609933061961 0.959473539585 0.190559930494 0.840181090361 1.07006434513 0.274779979512
0.337937640354 0.0905885634639 -0.093172820094 0.694023667821 -0.071768140342 0.244557482741
0.619971852431 0.896500630051 0.17342931528 0.309720131676 0.817597587896 0.284754272821
-0.694533907136 0.34215204775 -0.132888578853 -1.10362861933 -0.0253639900033 0.175938225344
1.48274169978 -4.17237106963 0.378037955102 1.48274169978 -4.17237106963 0.378037955102
-2.85046174631 1.7830569985 -0.119920368384 -2.85046174631 1.7830569985 -0.119920368384
0.485996064564 -1.68536728881 0.297528011141 0.485996064564 -1.68536728881 0.297528011141
0.549286045454 2.86304914836 -0.406480895575 0.549286045454 2.86304914836 -0.406480895575
-0.9542614118 -0.108208843804 0.0789847510064 -1.26957740475 -0.0566945425261 -0.0421159484419
-0.185928925779 0.0187313724391 -0.0173787283192 -0.143604227624 0.0278309577483 0.177892293394
1.33133945389 0.461427834639 0.139177112568 1.472515252 0.719267192323 0.324511038335
0.756278353104 -0.436129230996 0.354843105333 0.892049820934 0.159862698921 0.416312627418
-1.36873277534 -1.07717092489 -0.22567076797 -1.47929728757 -0.38981649377 -0.0833103922829
0.566463637771 -1.10766332311 -0.342785832766 0.324359603495 -0.860082431644 0.263321771656
1.55081786941 -1.09046353732 0.0744624046686 1.80697804001 -0.677850989769 0.175005101554
0.233618764137 -0.517759898612 -0.104004588105 0.233618764137 -0.517759898612 -0.104004588105
-0.561726145933 0.542701620803 0.252061876855 -0.154050380278 0.184136298638 -0.166414482393
1.08570377789 1.37081673921 -0.534032379949 1.09736628273 1.13551852458 -0.573351802427
-1.77147753445 0.181899823658 0.524480248546 -1.77147753445 0.181899823658 0.524480248546
0.605779265146 -1.40899535736 -0.39684076742 0.82419399488 -1.08051648537 0.0126621052801
-0.426576815945 1.16434289223 0.594281062422 -0.631451391085 0.530443412286 0.303413972716
-1.30859499439 4.47539906367 -0.0568371569991 -1.14519038138 4.73467247506 -0.249400828798
1.04234438512 -1.10006509895 -0.372328213207 0.993489332084 -0.103757676716 0.371562323515
-0.974814937956 -2.83607172394 -0.337572935514 -0.974814937956 -2.83607172394 -0.337572935514
-0.2423582834 -0.769029450334 -0.0307153894374 -0.148857684691 -0.919956796644 0.110886685362
0.827851729061 -0.987722524088 -0.179375151846 -0.2423582834 -0.769029450334 -0.0307153894374
0.882932152391 1.34566010584 -0.304159203427 1.167910235 1.24377825135 -0.212267929967
0.784238186619 0.667099123288 0.0243550420495 0.458871703956 1.08323132738 -0.135626242227
-0.637948612141 3.70102408814 -0.675384232407 -0.367728893917 3.38541287099 -1.00443583229
-0.969545188932 -2.49853764398 0.976957924751 -0.969545188932 -2.49853764398 0.976957924751
0.947843990323 1.31840166216 0.376363903325 0.613547909958 1.37955970952 0.127111229431
0.14198959219 -0.754029089228 -0.166939139212 -0.0966743488215 -0.158628994635 0.437269842349
-0.161731999473 0.548667977434 0.230026123282 -0.530821559765 0.100428377998 -0.437063460083
-0.0966743488215 -0.158628994635 0.437269842349 0.451696878222 -0.439034059164 0.346196251839
0.250015449476 -0.835045026097 -0.236887501066 0.367638023599 -1.03618629217 0.0780867562541
-1.45324008745 -0.037064436728 -0.028667494787 -1.36187293421 -0.087457778196 -0.237073657508
2.90190704895 -2.47594863738 -0.107931818971 2.90190704895 -2.47594863738 -0.107931818971
-1.63815508837 -2.20119666137 0.743798585128 -1.63815508837 -2.20119666137 0.743798585128
0.387018771484 -0.89773941912 0.333546558202 0.685404771994 -0.865271560121 -0.353869466921
-0.096371522368 -0.941994871194 0.386761249911 -0.096371522368 -0.941994871194 0.386761249911
1.67280184618 0.602510477177 0.414363303021 1.57354985876 0.673584248705 0.116287357433
0.735551130462 -0.550284030251 -0.502616931719 0.870797645687 -0.286683004742 -0.210521878451
0.11926833631 1.24065007879 0.697707463841 0.192101664592 0.51747989751 1.05337733717
0.91928216966 0.973284590548 0.485931693003 0.837467870496 0.605276239072 0.255455766064
2.65016975357 -0.363020925005 0.244527392366 2.65016975357 -0.363020925005 0.244527392366
-0.275427894046 -0.476869542358 0.573109866782 0.351814519202 -0.415521078447 0.0241773558633
0.398540905804 0.174368043121 0.291183419864 -0.639522602419 0.323665850697 0.268989035146
0.828005160078 0.928051622205 0.288358438158 0.947843990323 1.31840166216 0.376363903325
0.0752332232129 -0.269372342539 -0.516428702998 0.00389165489463 -0.206627818855 0.079748092775
0.934673134494 0.964312993179 -0.347274433197 0.919577857239 1.10800832573 -0.0975476447966
-0.510804604636 0.877294550246 0.458093417036 -0.786827722666 -0.0276816021035 0.141002223376
-0.0204017889052 0.30374243525 -0.204747954055 -0.377494314794 0.22372143033 0.079723745264
0.873217064478 0.430486873473 -0.653563451073 0.487938582932 -0.070261399739 -0.486205004077
0.309720131676 0.817597587896 0.284754272821 0.586267524069 1.11887187503 -0.0480438950331
1.26375413116 0.411043605628 -0.147466282178 0.711161355524 1.07151531298 -0.00423830754614
0.601385384263 -0.475017543368 -0.116156662132 0.291671583718 -0.734061672376 -0.0883751396685
1.79404712663 0.324932109233 -0.195110183615 1.67728579112 0.37801711538 -0.11579352973
1.55545966082 1.40236613573 0.631320433006 1.3441296022 0.586072481182 0.482409889055
-0.179418541615 1.07346058203 0.149180515636 -0.375748845722 1.00714482666 -0.246318740676
3.72836645537 2.92702789105 0.497574002186 3.72836645537 2.92702789105 0.497574002186
-2.88131974081 1.55061267736 -0.290139438468 -2.79233284486 1.97094824505 0.132153174251
0.0419382634766 0.49469582294 -0.575419112752 0.237357552521 -0.091847236456 -0.115140232743
-0.480490052694 -0.236919106747 0.236714200276 -0.497578731332 0.22829243157 0.564921866454
0.35622389134 1.14102123072 0.00444796404914 0.126582169742 0.65340252773 -0.0652530777373
1.0675253475 1.22535784831 -0.188451732869 1.30287431227 0.966521800459 -0.0678878690941
0.578297381201 0.395925537291 0.301011514016 0.754794220242 0.366551048585 0.205302706714
1.21724752901 -0.571222385668 0.232322473408 0.908132822992 -0.413018783548 0.514442783406
0.904189135845 0.613463476237 0.031502774593 0.542241865234 0.342297233842 0.297105255699
-2.10703617079 1.98026617473 -0.168855017749 -2.10703617079 1.98026617473 -0.168855017749
0.272894837827 0.723102186405 0.0328397442719 0.546619586379 1.08295400545 0.158800678392
-0.792591826241 1.26485360274 0.529317116329 -1.11635831709 0.653497336244 -0.400928373222
0.251441553542 -0.899882358645 0.520198742988 0.0656061024853 -0.708801826101 0.378877272612
0.20409440718 -3.01106505514 -0.284439450982 0.0431758053823 -2.42025207275 -0.0153284307242
-0.139095594971 -0.918540965929 -0.244830982552 -0.271103441491 -0.703568914136 -0.031131471095
1.12314439423 0.57615570555 0.382527951398 0.430028898157 0.525970919468 0.112341883856
0.392641013861 1.10246590804 0.657523065008 0.8445318386 1.80359303662 0.344981066603
1.07140767626 -0.491035857713 0.160628743006 0.877948879629 -0.192935603659 0.337833714956
1.02194887738 2.22738035316 1.01238234628 1.02194887738 2.22738035316 1.01238234628
1.08123782567 1.53398027369 0.139350296016 0.934673134494 0.964312993179 -0.347274433197
-1.06644505737 -3.32043686761 -0.129306898051 -1.06644505737 -3.32043686761 -0.129306898051
0.672062261287 0.382117823554 -0.382174614995 0.202136220853 -0.334685199236 -0.144606980648
-3.16882411109 3.0106299866 0.0880982249754 -3.16882411109 3.0106299866 0.0880982249754
-1.53775693093 1.60896565409 -0.665030774167 -1.53775693093 1.60896565409 -0.665030774167
0.660100464112 3.30373840361 -0.256294751778 0.660100464112 3.30373840361 -0.256294751778
0.291671583718 -0.734061672376 -0.0883751396685 0.203641258232 -0.217026137773 -0.0467900739885
1.88960733168 -1.22497112478 1.31317240713 1.88960733168 -1.22497112478 1.31317240713
0.593982565958 0.0572969559498 0.228020908164 0.304448249299 0.0859756915374 0.441576560433
0.402776201079 -0.14341880583 0.215161866738 0.389885050975 -0.386988060388 0.783177588005
-4.10045492454 0.615521867329 0.362814182986 -4.10045492454 0.615521867329 0.362814182986
-0.530821559765 0.100428377998 -0.437063460083 -0.153046286103 -0.217060988658 -0.270988416104
0.689812705862 -0.591313033698 0.0621040335417 0.372922793844 -0.547984640622 -0.0382528100327
2.52157212939 -1.45608757886 0.846370056917 2.52157212939 -1.45608757886 0.846370056917
1.63223356903 -0.0662722088385 -0.754573349647 1.79404712663 0.324932109233 -0.195110183615
0.112688366656 -0.122367820243 0.126442325491 0.593982565958 0.0572969559498 0.228020908164
-1.42367267437 4.62449825073 -0.20622112727 -1.42367267437 4.62449825073 -0.20622112727
0.072915716581 -0.470319411679 -0.181076493515 -0.0353179650868 -0.125654065133 -0.188597898084
-0.297924756464 -3.74321754917 -0.248132484399 -0.297924756464 -3.74321754917 -0.248132484399
0.909252871071 0.145856587241 0.0628737654803 1.07554147383 0.0954663881869 0.688637700879
-1.23468064806 -0.202852171065 -0.745989021955 -1.1169172161 -0.240156375763 -0.657281124014
0.126582169742 0.65340252773 -0.0652530777373 -0.435394462982 0.870833523341 0.0804651181399
-0.292871960969 -0.358973190605 -0.262014906157 -0.383262749825 -0.231758463145 -0.243591633343
1.33564907256 -0.484073474072 -0.276463563158 1.13949432628 -0.782907573808 -0.0543231421619
-0.40362256471 -1.20050748917 0.326468752191 0.12267597008 -1.25983794882 0.222519390298
-0.443857956154 -1.13896393089 -0.125194328477 -0.643808570232 -0.667468137731 -0.160158338208
-0.542392157613 -0.447497799869 -0.368610526417 -0.542392157613 -0.447497799869 -0.368610526417
0.550478740633 4.22769094476 0.709433219973 0.550478740633 4.22769094476 0.709433219973
1.65826881862 -0.643091087352 -0.337434274072 1.69228260176 -0.215127779209 -0.5865479029
1.04295498788 0.0679650351865 -0.553119393873 1.26433001227 -0.074752971742 -0.152174587862
3.61553719909 0.464791641229 0.140898902308 3.58609429004 0.81577745491 0.160391854242
-1.48063146225 0.098408365245 0.161396760359 -1.26327370433 0.75411762122 -0.184555579287
0.372922793844 -0.547984640622 -0.0382528100327 0.175890361814 -1.10009891433 -0.0670790570882
-0.383262749825 -0.231758463145 -0.243591633343 0.14198959219 -0.754029089228 -0.166939139212
0.430028898157 0.525970919468 0.112341883856 0.455242036066 0.498642111316 0.358849895473
1.13949432628 -0.782907573808 -0.0543231421619 1.08890717111 -1.2721521791 -0.314050441576
-2.03736503016 0.560782700879 0.0776296158694 -2.01791017812 0.571317343525 -0.0493942524866
0.511600401656 -1.25490411515 0.00624822224762 0.566463637771 -1.10766332311 -0.342785832766
0.240538159107 -4.72328775277 -0.295969558709 0.240538159107 -4.72328775277 -0.295969558709
-2.79233284486 1.97094824505 0.132153174251 -2.83242876061 2.25232597622 -0.397976567639
1.11179597036 -0.0678804145751 0.056659254042 1.35038720066 0.189911136706 -0.00221699132181
-0.737686106539 1.03371648382 0.0845625137806 0.0748739370902 1.16559298528 0.451166779021
0.35004822639 -0.216280564866 -0.0842622448478 0.179080032357 -0.446143386352 0.000887545675101
0.304448249299 0.0859756915374 0.441576560433 0.649994541686 -0.296808754341 0.00735698330011
1.80697804001 -0.677850989769 0.175005101554 1.78173417628 -0.460728959066 -0.162974375047
1.47358504714 0.159782220755 -0.343381313239 1.47358504714 0.159782220755 -0.343381313239
0.454475653048 0.244517670435 -0.384893983346 0.846816184294 -0.484566905377 -0.0431977675112
0.681413647797 0.746073608792 -0.180085784148 0.399984730861 0.732271168131 0.172127618552
-1.45977151729 -2.47019706631 -0.788887261488 -1.45977151729 -2.47019706631 -0.788887261488
-1.36187293421 -0.087457778196 -0.237073657508 -1.57814881303 -0.250480359709 0.235532472523
0.0298539882845 0.645944217407 0.261565103827 -0.510804604636 0.877294550246 0.458093417036
-1.8172639453 2.01680089877 0.8006380433 -1.8172639453 2.01680089877 0.8006380433
-0.421703749389 1.91467034912 -0.000476455705301 -0.0965071772458 2.17672109815 -0.0902556742009
1.63596272726 0.806539665464 -0.186772135864 1.48400432057 0.523854132041 -0.220108696153
-0.553114389933 -0.0829928042913 0.275012774388 -0.291494768029 -0.00304461310765 -0.32654039464
1.95061650966 -5.47426322513 0.700827480642 1.95061650966 -5.47426322513 0.700827480642
0.685404771994 -0.865271560121 -0.353869466921 0.511600401656 -1.25490411515 0.00624822224762
0.179080032357 -0.446143386352 0.000887545675101 0.250015449476 -0.835045026097 -0.236887501066
-0.253117401525 0.0127142582112 -0.0149006779987 -0.27325267895 1.11580486308 -0.0150928274652
-0.79963186052 -0.279476409225 0.212208187408 -0.314241384363 -0.237633882863 0.320458104853
2.35310240538 -1.00422879982 -0.180939904968 2.35310240538 -1.00422879982 -0.180939904968
-0.00100935691954 0.625976778272 -0.161084332706 0.232671198603 0.546332371278 0.104412631537
0.373732707188 -0.711377184066 -0.0814221774642 0.373732707188 -0.711377184066 -0.0814221774642
0.318456650636 -1.38884500317 -0.166993668874 -0.548256572472 -1.51372132373 -0.314730857978
-1.44865591443 1.41475743927 -0.205507073343 -1.44865591443 1.41475743927 -0.205507073343
1.14490079305 -0.0781271820993 0.248992155424 1.13662095562 0.587883599155 0.186850071172
0.487938582932 -0.070261399739 -0.486205004077 0.969243884623 0.0407816743715 0.300836174111
0.837467870496 0.605276239072 0.255455766064 0.784238186619 0.667099123288 0.0243550420495
-0.39865816496 0.178738936262 -0.173782311657 -0.432676575079 0.339825821577 0.13363507247
-0.550194101639 -0.0180044534757 -0.573439281851 -0.682967521607 -1.1627027549 -0.583855623964
-2.76189125563 1.71785059774 -0.704515170881 -2.76189125563 1.71785059774 -0.704515170881
-1.92413048487 -0.758249086282 0.430333833506 -2.06662831274 -0.336719552238 -0.0873925212761
-0.148857684691 -0.919956796644 0.110886685362 -0.000617315160294 -0.309911696078 -0.56175247862
0.1286648007 0.791251962319 -0.203313433634 0.272894837827 0.723102186405 0.0328397442719
4.36846334777 -1.41213248816 -0.168133530427 4.36846334777 -1.41213248816 -0.168133530427
1.59784321403 1.06114206871 -0.27704215742 0.988663463925 1.09464549052 -0.527962557698
1.41717165693 0.247762240102 0.627343197638 0.909252871071 0.145856587241 0.0628737654803
0.268523902866 0.64902443096 -0.0902262185486 0.31141712912 1.01544922908 0.294239315088
0.672688636629 -0.585755659482 -0.28520496577 0.681247776522 -0.821751829862 -0.158203234835
-0.582342583754 -0.594197767658 0.0177976896069 -0.16717207786 0.228260089876 0.489959769429
1.86115633811 -2.28688194244 -0.453819783049 1.77958374401 -2.38004080404 -0.584698175689
-0.368330067979 4.35448569555 0.521186874051 -0.368330067979 4.35448569555 0.521186874051
-1.14519038138 4.73467247506 -0.249400828798 -1.30859499439 4.47539906367 -0.0568371569991
0.645676339407 0.303091230321 0.242312493036 1.08059469812 0.51739807508 0.286835990417
-1.09806994494 0.391416471645 -0.225431642478 -0.599480887614 0.592139435302 -0.128409030932
0.457644812654 -0.571950029399 -0.318553331676 0.359916219844 0.0176627589838 -0.247838143138
0.711161355524 1.07151531298 -0.00423830754614 0.308947208657 0.260538410424 -0.0462538825459
0.247642340235 0.641920787297 -0.295417836638 -0.0510007830363 0.556210835283 -0.21115285867
0.426577106314 0.441632382559 -0.388068307892 0.277192214067 -0.139687411689 -0.114087723026
0.613817882289 1.67913067318 -0.497232604825 0.681413647797 0.746073608792 -0.180085784148
1.09993426737 1.26898912265 0.0241834553591 1.59784321403 1.06114206871 -0.27704215742
0.853965533082 -0.00174820913655 0.911393486233 1.25147149383 -0.0837372110948 0.529162785647
0.685371169782 0.343528388514 -0.489838897544 0.948745826193 0.661051193621 -0.0933658883405
-0.0394363970293 -0.835284698575 -0.320412664123 0.372835239532 -0.223903792318 0.151232384998
1.13662095562 0.587883599155 0.186850071172 0.836559658195 -0.38519029475 -0.548571658244
-3.11954335504 2.30269762149 -0.260300249567 -3.11954335504 2.30269762149 -0.260300249567
0.0446659429242 -0.896343192642 0.470805984845 -0.79963186052 -0.279476409225 0.212208187408
1.26433001227 -0.074752971742 -0.152174587862 0.965461827416 -0.107194587433 -0.144919661088
-0.0827366984081 0.905640814035 -0.303371213514 -0.623751863279 1.61780883951 -0.0154007117442
-0.406196353219 0.8441873854 -0.113688658479 0.30476675936 1.10756641872 -0.0264013657356
1.4405300933 0.159142684385 0.204716401138 1.41717165693 0.247762240102 0.627343197638
0.518827418974 -0.334612923747 -0.269911922533 0.601385384263 -0.475017543368 -0.116156662132
-0.217572695276 -0.697674509224 -0.379565967191 -0.463593735695 0.268149427019 0.0910615265705
-0.788172699252 -0.690080394993 -0.294095139175 -0.788172699252 -0.690080394993 -0.294095139175
0.729705501076 -0.668980212549 0.762623880722 0.525580513841 -0.691569083535 0.70241291437
1.23840877069 -0.179403145668 0.336155204113 1.07140767626 -0.491035857713 0.160628743006
0.546619586379 1.08295400545 0.158800678392 0.11926833631 1.24065007879 0.697707463841
1.48400432057 0.523854132041 -0.220108696153 0.902646165098 0.517509832025 -0.188603819245
1.69228260176 -0.215127779209 -0.5865479029 1.48078147952 -0.273412899138 0.111111625507
-0.635225136685 -0.824933145606 -0.412977166171 -0.316134137905 -0.546149926872 -0.0647900949232
-0.639522602419 0.323665850697 0.268989035146 -0.539781930462 -0.581270693442 0.425580327144
0.00389165489463 -0.206627818855 0.079748092775 0.350048218884 -0.0413065201892 0.358170171209
2.52959330968 -1.26459843687 -0.282860080351 2.52959330968 -1.26459843687 -0.282860080351
